1	1	1	1	0	1e-06
2	2	1.7828	1	0	1e-05
3	2	0.1338	2	0	1e-05
4	2	-0.70323	3	0	1e-05
5	2	-0.36295	4	0	1e-05
6	2	-0.066929	5	0	1e-05
7	2	-0.081736	6	0	1e-05
8	2	-4.4563e-08	7	0	1e-05
9	2	-1.1574e-09	8	0	1e-05
10	2	-0.24006	9	0	1e-05
11	2	-0.073019	10	0	1e-05
12	2	-0.026486	11	0	1e-05
13	2	-0.050229	12	0	1e-05
14	2	-0.11349	13	0	1e-05
15	2	-0.11984	14	0	1e-05
16	3	-0.080897	1	0	1e-05
17	3	0.17631	2	0	1e-05
18	3	-0.064023	3	0	1e-05
19	3	0.029614	4	0	1e-05
20	3	-0.014088	5	0	1e-05
21	3	-0.024186	6	0	1e-05
22	3	1.1581e-07	7	0	1e-05
23	3	0.14204	8	0	1e-05
24	3	0.080185	9	0	1e-05
25	3	-0.047057	10	0	1e-05
26	3	-0.013621	11	0	1e-05
27	3	-0.013175	12	0	1e-05
28	3	-0.048759	13	0	1e-05
29	3	-0.040214	14	0	1e-05
30	4	1.1995	1	2	6.4e-05
31	4	0.58337	1	5	6.4e-05
32	4	-1.1745	2	1	6.4e-05
33	4	0.54744	2	3	6.4e-05
34	4	0.43598	2	4	6.4e-05
35	4	0.32489	2	5	6.4e-05
36	4	-0.53427	3	2	6.4e-05
37	4	-0.16897	3	4	6.4e-05
38	4	-0.42586	4	2	6.4e-05
39	4	0.17085	4	3	6.4e-05
40	4	-0.46978	4	5	6.4e-05
41	4	0.22989	4	7	6.4e-05
42	4	0.13196	4	9	6.4e-05
43	4	-0.56683	5	1	6.4e-05
44	4	-0.31936	5	2	6.4e-05
45	4	0.47278	5	4	6.4e-05
46	4	0.34648	5	6	6.4e-05
47	4	-0.34648	6	5	6.4e-05
48	4	0.056301	6	11	6.4e-05
49	4	0.063474	6	12	6.4e-05
50	4	0.14497	6	13	6.4e-05
51	4	-0.22989	7	4	6.4e-05
52	4	1.1574e-09	7	8	6.4e-05
53	4	0.22989	7	9	6.4e-05
54	4	-1.1574e-09	8	7	6.4e-05
55	4	-0.13196	9	4	6.4e-05
56	4	-0.22989	9	7	6.4e-05
57	4	0.043665	9	10	6.4e-05
58	4	0.078119	9	14	6.4e-05
59	4	-0.043552	10	9	6.4e-05
60	4	-0.029467	10	11	6.4e-05
61	4	-0.056017	11	6	6.4e-05
62	4	0.029531	11	10	6.4e-05
63	4	-0.063004	12	6	6.4e-05
64	4	0.012775	12	13	6.4e-05
65	4	-0.14359	13	6	6.4e-05
66	4	-0.012738	13	12	6.4e-05
67	4	0.04284	13	14	6.4e-05
68	4	-0.077284	14	9	6.4e-05
69	4	-0.042552	14	13	6.4e-05
70	5	-0.054228	1	2	6.4e-05
71	5	0.087938	1	5	6.4e-05
72	5	0.18885	2	1	6.4e-05
73	5	0.10496	2	3	6.4e-05
74	5	0.019604	2	4	6.4e-05
75	5	0.043302	2	5	6.4e-05
76	5	-0.0031786	3	2	6.4e-05
77	5	-0.0031069	3	4	6.4e-05
78	5	0.047449	4	2	6.4e-05
79	5	0.021138	4	3	6.4e-05
80	5	0.12093	4	5	6.4e-05
81	5	-0.21429	4	7	6.4e-05
82	5	-0.073918	4	9	6.4e-05
83	5	0.033805	5	1	6.4e-05
84	5	0.010654	5	2	6.4e-05
85	5	-0.11146	5	4	6.4e-05
86	5	-0.18521	5	6	6.4e-05
87	5	0.21974	6	5	6.4e-05
88	5	0.015952	6	11	6.4e-05
89	5	0.018873	6	12	6.4e-05
90	5	0.052704	6	13	6.4e-05
91	5	0.23358	7	4	6.4e-05
92	5	-0.13905	7	8	6.4e-05
93	5	0.02794	7	9	6.4e-05
94	5	0.14204	8	7	6.4e-05
95	5	0.085695	9	4	6.4e-05
96	5	-0.022758	9	7	6.4e-05
97	5	0.045768	9	10	6.4e-05
98	5	0.036651	9	14	6.4e-05
99	5	-0.04547	10	9	6.4e-05
100	5	-0.0015869	10	11	6.4e-05
101	5	-0.015357	11	6	6.4e-05
102	5	0.0017359	11	10	6.4e-05
103	5	-0.017894	12	6	6.4e-05
104	5	0.004719	12	13	6.4e-05
105	5	-0.049997	13	6	6.4e-05
106	5	-0.0046858	13	12	6.4e-05
107	5	0.0059241	13	14	6.4e-05
108	5	-0.034875	14	9	6.4e-05
109	5	-0.005339	14	13	6.4e-05
1	1	1	1	0	1e-06
2	2	1.7694	1	0	1e-05
3	2	0.12809	2	0	1e-05
4	2	-0.69435	3	0	1e-05
5	2	-0.36351	4	0	1e-05
6	2	-0.065525	5	0	1e-05
7	2	-0.082811	6	0	1e-05
8	2	-7.2605e-08	7	0	1e-05
9	2	-1.3947e-09	8	0	1e-05
10	2	-0.23284	9	0	1e-05
11	2	-0.070401	10	0	1e-05
12	2	-0.028044	11	0	1e-05
13	2	-0.050517	12	0	1e-05
14	2	-0.11277	13	0	1e-05
15	2	-0.11947	14	0	1e-05
16	3	-0.07913	1	0	1e-05
17	3	0.17297	2	0	1e-05
18	3	-0.068869	3	0	1e-05
19	3	0.02966	4	0	1e-05
20	3	-0.013792	5	0	1e-05
21	3	-0.02696	6	0	1e-05
22	3	1.5109e-07	7	0	1e-05
23	3	0.13925	8	0	1e-05
24	3	0.084573	9	0	1e-05
25	3	-0.04537	10	0	1e-05
26	3	-0.014423	11	0	1e-05
27	3	-0.01325	12	0	1e-05
28	3	-0.048451	13	0	1e-05
29	3	-0.04009	14	0	1e-05
30	4	1.1909	1	2	6.4e-05
31	4	0.57852	1	5	6.4e-05
32	4	-1.1663	2	1	6.4e-05
33	4	0.54085	2	3	6.4e-05
34	4	0.43185	2	4	6.4e-05
35	4	0.32169	2	5	6.4e-05
36	4	-0.52798	3	2	6.4e-05
37	4	-0.16638	3	4	6.4e-05
38	4	-0.42193	4	2	6.4e-05
39	4	0.1682	4	3	6.4e-05
40	4	-0.466	4	5	6.4e-05
41	4	0.22629	4	7	6.4e-05
42	4	0.12992	4	9	6.4e-05
43	4	-0.56226	5	1	6.4e-05
44	4	-0.31626	5	2	6.4e-05
45	4	0.46895	5	4	6.4e-05
46	4	0.34404	5	6	6.4e-05
47	4	-0.34404	6	5	6.4e-05
48	4	0.05467	6	11	6.4e-05
49	4	0.063181	6	12	6.4e-05
50	4	0.14338	6	13	6.4e-05
51	4	-0.22629	7	4	6.4e-05
52	4	1.3947e-09	7	8	6.4e-05
53	4	0.22629	7	9	6.4e-05
54	4	-1.3947e-09	8	7	6.4e-05
55	4	-0.12992	9	4	6.4e-05
56	4	-0.22629	9	7	6.4e-05
57	4	0.044206	9	10	6.4e-05
58	4	0.079166	9	14	6.4e-05
59	4	-0.044093	10	9	6.4e-05
60	4	-0.026309	10	11	6.4e-05
61	4	-0.054403	11	6	6.4e-05
62	4	0.026359	11	10	6.4e-05
63	4	-0.062714	12	6	6.4e-05
64	4	0.012197	12	13	6.4e-05
65	4	-0.14204	13	6	6.4e-05
66	4	-0.012164	13	12	6.4e-05
67	4	0.041427	13	14	6.4e-05
68	4	-0.07831	14	9	6.4e-05
69	4	-0.041159	14	13	6.4e-05
70	5	-0.052028	1	2	6.4e-05
71	5	0.087505	1	5	6.4e-05
72	5	0.18556	2	1	6.4e-05
73	5	0.10585	2	3	6.4e-05
74	5	0.019104	2	4	6.4e-05
75	5	0.04287	2	5	6.4e-05
76	5	-0.0053447	3	2	6.4e-05
77	5	-0.0057866	3	4	6.4e-05
78	5	0.047381	4	2	6.4e-05
79	5	0.023686	4	3	6.4e-05
80	5	0.12074	4	5	6.4e-05
81	5	-0.21543	4	7	6.4e-05
82	5	-0.075091	4	9	6.4e-05
83	5	0.03312	5	1	6.4e-05
84	5	0.010759	5	2	6.4e-05
85	5	-0.11142	5	4	6.4e-05
86	5	-0.18447	5	6	6.4e-05
87	5	0.21855	6	5	6.4e-05
88	5	0.015193	6	11	6.4e-05
89	5	0.018817	6	12	6.4e-05
90	5	0.051931	6	13	6.4e-05
91	5	0.23449	7	4	6.4e-05
92	5	-0.13638	7	8	6.4e-05
93	5	0.02447	7	9	6.4e-05
94	5	0.13925	8	7	6.4e-05
95	5	0.086677	9	4	6.4e-05
96	5	-0.019469	9	7	6.4e-05
97	5	0.045577	9	10	6.4e-05
98	5	0.037058	9	14	6.4e-05
99	5	-0.045277	10	9	6.4e-05
100	5	-9.2873e-05	10	11	6.4e-05
101	5	-0.014634	11	6	6.4e-05
102	5	0.00021112	11	10	6.4e-05
103	5	-0.017846	12	6	6.4e-05
104	5	0.0045959	12	13	6.4e-05
105	5	-0.049285	13	6	6.4e-05
106	5	-0.0045656	13	12	6.4e-05
107	5	0.005399	13	14	6.4e-05
108	5	-0.035237	14	9	6.4e-05
109	5	-0.0048532	14	13	6.4e-05
1	1	1	1	0	1e-06
2	2	1.7616	1	0	1e-05
3	2	0.12754	2	0	1e-05
4	2	-0.69174	3	0	1e-05
5	2	-0.35974	4	0	1e-05
6	2	-0.065633	5	0	1e-05
7	2	-0.08341	6	0	1e-05
8	2	-6.7133e-08	7	0	1e-05
9	2	-1.4117e-09	8	0	1e-05
10	2	-0.23377	9	0	1e-05
11	2	-0.07093	10	0	1e-05
12	2	-0.028399	11	0	1e-05
13	2	-0.048653	12	0	1e-05
14	2	-0.11181	13	0	1e-05
15	2	-0.11853	14	0	1e-05
16	3	-0.077703	1	0	1e-05
17	3	0.17156	2	0	1e-05
18	3	-0.070088	3	0	1e-05
19	3	0.029352	4	0	1e-05
20	3	-0.013814	5	0	1e-05
21	3	-0.028207	6	0	1e-05
22	3	1.5268e-07	7	0	1e-05
23	3	0.13936	8	0	1e-05
24	3	0.084025	9	0	1e-05
25	3	-0.04571	10	0	1e-05
26	3	-0.014605	11	0	1e-05
27	3	-0.012761	12	0	1e-05
28	3	-0.048038	13	0	1e-05
29	3	-0.039777	14	0	1e-05
30	4	1.1856	1	2	6.4e-05
31	4	0.576	1	5	6.4e-05
32	4	-1.1613	2	1	6.4e-05
33	4	0.53858	2	3	6.4e-05
34	4	0.42991	2	4	6.4e-05
35	4	0.32033	2	5	6.4e-05
36	4	-0.52581	3	2	6.4e-05
37	4	-0.16593	3	4	6.4e-05
38	4	-0.42008	4	2	6.4e-05
39	4	0.16775	4	3	6.4e-05
40	4	-0.46359	4	5	6.4e-05
41	4	0.22627	4	7	6.4e-05
42	4	0.1299	4	9	6.4e-05
43	4	-0.55988	5	1	6.4e-05
44	4	-0.31495	5	2	6.4e-05
45	4	0.46651	5	4	6.4e-05
46	4	0.34268	5	6	6.4e-05
47	4	-0.34268	6	5	6.4e-05
48	4	0.055389	6	11	6.4e-05
49	4	0.061891	6	12	6.4e-05
50	4	0.14199	6	13	6.4e-05
51	4	-0.22627	7	4	6.4e-05
52	4	1.4117e-09	7	8	6.4e-05
53	4	0.22627	7	9	6.4e-05
54	4	-1.4117e-09	8	7	6.4e-05
55	4	-0.1299	9	4	6.4e-05
56	4	-0.22627	9	7	6.4e-05
57	4	0.044381	9	10	6.4e-05
58	4	0.078023	9	14	6.4e-05
59	4	-0.044266	10	9	6.4e-05
60	4	-0.026664	10	11	6.4e-05
61	4	-0.055115	11	6	6.4e-05
62	4	0.026715	11	10	6.4e-05
63	4	-0.061444	12	6	6.4e-05
64	4	0.012792	12	13	6.4e-05
65	4	-0.14067	13	6	6.4e-05
66	4	-0.012755	13	12	6.4e-05
67	4	0.041616	13	14	6.4e-05
68	4	-0.077189	14	9	6.4e-05
69	4	-0.041345	14	13	6.4e-05
70	5	-0.050683	1	2	6.4e-05
71	5	0.087588	1	5	6.4e-05
72	5	0.18354	2	1	6.4e-05
73	5	0.10616	2	3	6.4e-05
74	5	0.019313	2	4	6.4e-05
75	5	0.042951	2	5	6.4e-05
76	5	-0.0060879	3	2	6.4e-05
77	5	-0.0062625	3	4	6.4e-05
78	5	0.046903	4	2	6.4e-05
79	5	0.02414	4	3	6.4e-05
80	5	0.11991	4	5	6.4e-05
81	5	-0.21511	4	7	6.4e-05
82	5	-0.074882	4	9	6.4e-05
83	5	0.032464	5	1	6.4e-05
84	5	0.010543	5	2	6.4e-05
85	5	-0.1107	5	4	6.4e-05
86	5	-0.18437	5	6	6.4e-05
87	5	0.21823	6	5	6.4e-05
88	5	0.015324	6	11	6.4e-05
89	5	0.018289	6	12	6.4e-05
90	5	0.051403	6	13	6.4e-05
91	5	0.23414	7	4	6.4e-05
92	5	-0.13648	7	8	6.4e-05
93	5	0.024922	7	9	6.4e-05
94	5	0.13936	8	7	6.4e-05
95	5	0.086448	9	4	6.4e-05
96	5	-0.019919	9	7	6.4e-05
97	5	0.045991	9	10	6.4e-05
98	5	0.036766	9	14	6.4e-05
99	5	-0.045687	10	9	6.4e-05
100	5	-2.3692e-05	10	11	6.4e-05
101	5	-0.014751	11	6	6.4e-05
102	5	0.00014518	11	10	6.4e-05
103	5	-0.017358	12	6	6.4e-05
104	5	0.0045968	12	13	6.4e-05
105	5	-0.048808	13	6	6.4e-05
106	5	-0.0045639	13	12	6.4e-05
107	5	0.0053339	13	14	6.4e-05
108	5	-0.034993	14	9	6.4e-05
109	5	-0.0047836	14	13	6.4e-05
1	1	1	1	0	1e-06
2	2	1.7555	1	0	1e-05
3	2	0.12714	2	0	1e-05
4	2	-0.68775	3	0	1e-05
5	2	-0.36216	4	0	1e-05
6	2	-0.065484	5	0	1e-05
7	2	-0.083025	6	0	1e-05
8	2	-7.7629e-08	7	0	1e-05
9	2	-1.4955e-09	8	0	1e-05
10	2	-0.23218	9	0	1e-05
11	2	-0.070594	10	0	1e-05
12	2	-0.026402	11	0	1e-05
13	2	-0.048995	12	0	1e-05
14	2	-0.11169	13	0	1e-05
15	2	-0.11833	14	0	1e-05
16	3	-0.076693	1	0	1e-05
17	3	0.16996	2	0	1e-05
18	3	-0.072003	3	0	1e-05
19	3	0.029549	4	0	1e-05
20	3	-0.013783	5	0	1e-05
21	3	-0.029879	6	0	1e-05
22	3	1.675e-07	7	0	1e-05
23	3	0.1386	8	0	1e-05
24	3	0.085007	9	0	1e-05
25	3	-0.045494	10	0	1e-05
26	3	-0.013578	11	0	1e-05
27	3	-0.012851	12	0	1e-05
28	3	-0.047985	13	0	1e-05
29	3	-0.039708	14	0	1e-05
30	4	1.1814	1	2	6.4e-05
31	4	0.57413	1	5	6.4e-05
32	4	-1.1572	2	1	6.4e-05
33	4	0.53603	2	3	6.4e-05
34	4	0.42887	2	4	6.4e-05
35	4	0.31943	2	5	6.4e-05
36	4	-0.52337	3	2	6.4e-05
37	4	-0.16438	3	4	6.4e-05
38	4	-0.41908	4	2	6.4e-05
39	4	0.16617	4	3	6.4e-05
40	4	-0.46305	4	5	6.4e-05
41	4	0.22476	4	7	6.4e-05
42	4	0.12904	4	9	6.4e-05
43	4	-0.55811	5	1	6.4e-05
44	4	-0.31407	5	2	6.4e-05
45	4	0.46596	5	4	6.4e-05
46	4	0.34073	5	6	6.4e-05
47	4	-0.34073	6	5	6.4e-05
48	4	0.053886	6	11	6.4e-05
49	4	0.062004	6	12	6.4e-05
50	4	0.14182	6	13	6.4e-05
51	4	-0.22476	7	4	6.4e-05
52	4	1.4955e-09	7	8	6.4e-05
53	4	0.22476	7	9	6.4e-05
54	4	-1.4955e-09	8	7	6.4e-05
55	4	-0.12904	9	4	6.4e-05
56	4	-0.22476	9	7	6.4e-05
57	4	0.043534	9	10	6.4e-05
58	4	0.07809	9	14	6.4e-05
59	4	-0.043422	10	9	6.4e-05
60	4	-0.027172	10	11	6.4e-05
61	4	-0.053628	11	6	6.4e-05
62	4	0.027225	11	10	6.4e-05
63	4	-0.061555	12	6	6.4e-05
64	4	0.012561	12	13	6.4e-05
65	4	-0.14051	13	6	6.4e-05
66	4	-0.012526	13	12	6.4e-05
67	4	0.041341	13	14	6.4e-05
68	4	-0.077254	14	9	6.4e-05
69	4	-0.041075	14	13	6.4e-05
70	5	-0.049582	1	2	6.4e-05
71	5	0.087497	1	5	6.4e-05
72	5	0.1819	2	1	6.4e-05
73	5	0.10651	2	3	6.4e-05
74	5	0.019165	2	4	6.4e-05
75	5	0.04279	2	5	6.4e-05
76	5	-0.0069246	3	2	6.4e-05
77	5	-0.0073411	3	4	6.4e-05
78	5	0.046909	4	2	6.4e-05
79	5	0.025138	4	3	6.4e-05
80	5	0.11977	4	5	6.4e-05
81	5	-0.21545	4	7	6.4e-05
82	5	-0.075221	4	9	6.4e-05
83	5	0.032128	5	1	6.4e-05
84	5	0.010613	5	2	6.4e-05
85	5	-0.11058	5	4	6.4e-05
86	5	-0.18423	5	6	6.4e-05
87	5	0.21777	6	5	6.4e-05
88	5	0.014331	6	11	6.4e-05
89	5	0.018317	6	12	6.4e-05
90	5	0.051155	6	13	6.4e-05
91	5	0.23437	7	4	6.4e-05
92	5	-0.13575	7	8	6.4e-05
93	5	0.023982	7	9	6.4e-05
94	5	0.1386	8	7	6.4e-05
95	5	0.086697	9	4	6.4e-05
96	5	-0.019051	9	7	6.4e-05
97	5	0.045704	9	10	6.4e-05
98	5	0.036944	9	14	6.4e-05
99	5	-0.045407	10	9	6.4e-05
100	5	-8.6406e-05	10	11	6.4e-05
101	5	-0.013791	11	6	6.4e-05
102	5	0.0002125	11	10	6.4e-05
103	5	-0.017383	12	6	6.4e-05
104	5	0.0045321	12	13	6.4e-05
105	5	-0.048569	13	6	6.4e-05
106	5	-0.0045003	13	12	6.4e-05
107	5	0.0050837	13	14	6.4e-05
108	5	-0.035166	14	9	6.4e-05
109	5	-0.0045414	14	13	6.4e-05
1	1	1	1	0	1e-06
2	2	1.7388	1	0	1e-05
3	2	0.12642	2	0	1e-05
4	2	-0.68572	3	0	1e-05
5	2	-0.35462	4	0	1e-05
6	2	-0.063432	5	0	1e-05
7	2	-0.083885	6	0	1e-05
8	2	-8.4072e-08	7	0	1e-05
9	2	-1.6371e-09	8	0	1e-05
10	2	-0.22952	9	0	1e-05
11	2	-0.072411	10	0	1e-05
12	2	-0.024552	11	0	1e-05
13	2	-0.048869	12	0	1e-05
14	2	-0.11125	13	0	1e-05
15	2	-0.11631	14	0	1e-05
16	3	-0.074099	1	0	1e-05
17	3	0.16579	2	0	1e-05
18	3	-0.073947	3	0	1e-05
19	3	0.028935	4	0	1e-05
20	3	-0.01335	5	0	1e-05
21	3	-0.032459	6	0	1e-05
22	3	1.8848e-07	7	0	1e-05
23	3	0.13739	8	0	1e-05
24	3	0.086622	9	0	1e-05
25	3	-0.046665	10	0	1e-05
26	3	-0.012626	11	0	1e-05
27	3	-0.012818	12	0	1e-05
28	3	-0.047797	13	0	1e-05
29	3	-0.039029	14	0	1e-05
30	4	1.1704	1	2	6.4e-05
31	4	0.56842	1	5	6.4e-05
32	4	-1.1467	2	1	6.4e-05
33	4	0.53276	2	3	6.4e-05
34	4	0.42435	2	4	6.4e-05
35	4	0.31599	2	5	6.4e-05
36	4	-0.52025	3	2	6.4e-05
37	4	-0.16547	3	4	6.4e-05
38	4	-0.41477	4	2	6.4e-05
39	4	0.16728	4	3	6.4e-05
40	4	-0.4586	4	5	6.4e-05
41	4	0.22327	4	7	6.4e-05
42	4	0.1282	4	9	6.4e-05
43	4	-0.55271	5	1	6.4e-05
44	4	-0.31075	5	2	6.4e-05
45	4	0.46146	5	4	6.4e-05
46	4	0.33858	5	6	6.4e-05
47	4	-0.33858	6	5	6.4e-05
48	4	0.052546	6	11	6.4e-05
49	4	0.061595	6	12	6.4e-05
50	4	0.14055	6	13	6.4e-05
51	4	-0.22327	7	4	6.4e-05
52	4	1.6371e-09	7	8	6.4e-05
53	4	0.22327	7	9	6.4e-05
54	4	-1.6371e-09	8	7	6.4e-05
55	4	-0.1282	9	4	6.4e-05
56	4	-0.22327	9	7	6.4e-05
57	4	0.044834	9	10	6.4e-05
58	4	0.077113	9	14	6.4e-05
59	4	-0.044717	10	9	6.4e-05
60	4	-0.027694	10	11	6.4e-05
61	4	-0.052302	11	6	6.4e-05
62	4	0.02775	11	10	6.4e-05
63	4	-0.061152	12	6	6.4e-05
64	4	0.012283	12	13	6.4e-05
65	4	-0.13926	13	6	6.4e-05
66	4	-0.012249	13	12	6.4e-05
67	4	0.04026	13	14	6.4e-05
68	4	-0.076297	14	9	6.4e-05
69	4	-0.040008	14	13	6.4e-05
70	5	-0.046758	1	2	6.4e-05
71	5	0.087265	1	5	6.4e-05
72	5	0.1777	2	1	6.4e-05
73	5	0.10695	2	3	6.4e-05
74	5	0.019012	2	4	6.4e-05
75	5	0.042533	2	5	6.4e-05
76	5	-0.0079935	3	2	6.4e-05
77	5	-0.0082157	3	4	6.4e-05
78	5	0.046448	4	2	6.4e-05
79	5	0.02608	4	3	6.4e-05
80	5	0.11879	4	5	6.4e-05
81	5	-0.21542	4	7	6.4e-05
82	5	-0.07542	4	9	6.4e-05
83	5	0.03107	5	1	6.4e-05
84	5	0.010527	5	2	6.4e-05
85	5	-0.10977	5	4	6.4e-05
86	5	-0.18354	5	6	6.4e-05
87	5	0.2167	6	5	6.4e-05
88	5	0.01358	6	11	6.4e-05
89	5	0.018185	6	12	6.4e-05
90	5	0.050536	6	13	6.4e-05
91	5	0.2342	7	4	6.4e-05
92	5	-0.13459	7	8	6.4e-05
93	5	0.023038	7	9	6.4e-05
94	5	0.13739	8	7	6.4e-05
95	5	0.086794	9	4	6.4e-05
96	5	-0.018177	9	7	6.4e-05
97	5	0.046666	9	10	6.4e-05
98	5	0.036662	9	14	6.4e-05
99	5	-0.046354	10	9	6.4e-05
100	5	-0.00031088	10	11	6.4e-05
101	5	-0.013068	11	6	6.4e-05
102	5	0.00044184	11	10	6.4e-05
103	5	-0.017263	12	6	6.4e-05
104	5	0.0044454	12	13	6.4e-05
105	5	-0.047997	13	6	6.4e-05
106	5	-0.004415	13	12	6.4e-05
107	5	0.0046157	13	14	6.4e-05
108	5	-0.034926	14	9	6.4e-05
109	5	-0.0041025	14	13	6.4e-05
1	1	1	1	0	1e-06
2	2	1.7348	1	0	1e-05
3	2	0.12382	2	0	1e-05
4	2	-0.68726	3	0	1e-05
5	2	-0.34605	4	0	1e-05
6	2	-0.064499	5	0	1e-05
7	2	-0.085446	6	0	1e-05
8	2	-7.9452e-08	7	0	1e-05
9	2	-1.6667e-09	8	0	1e-05
10	2	-0.23055	9	0	1e-05
11	2	-0.070834	10	0	1e-05
12	2	-0.025325	11	0	1e-05
13	2	-0.046149	12	0	1e-05
14	2	-0.11127	13	0	1e-05
15	2	-0.11695	14	0	1e-05
16	3	-0.073563	1	0	1e-05
17	3	0.16529	2	0	1e-05
18	3	-0.073796	3	0	1e-05
19	3	0.028235	4	0	1e-05
20	3	-0.013575	5	0	1e-05
21	3	-0.03348	6	0	1e-05
22	3	1.8983e-07	7	0	1e-05
23	3	0.13715	8	0	1e-05
24	3	0.086056	9	0	1e-05
25	3	-0.045648	10	0	1e-05
26	3	-0.013024	11	0	1e-05
27	3	-0.012105	12	0	1e-05
28	3	-0.047803	13	0	1e-05
29	3	-0.039245	14	0	1e-05
30	4	1.1683	1	2	6.4e-05
31	4	0.56652	1	5	6.4e-05
32	4	-1.1446	2	1	6.4e-05
33	4	0.5323	2	3	6.4e-05
34	4	0.42179	2	4	6.4e-05
35	4	0.31436	2	5	6.4e-05
36	4	-0.51981	3	2	6.4e-05
37	4	-0.16746	3	4	6.4e-05
38	4	-0.41233	4	2	6.4e-05
39	4	0.16931	4	3	6.4e-05
40	4	-0.45478	4	5	6.4e-05
41	4	0.22345	4	7	6.4e-05
42	4	0.1283	4	9	6.4e-05
43	4	-0.55091	5	1	6.4e-05
44	4	-0.30918	5	2	6.4e-05
45	4	0.45759	5	4	6.4e-05
46	4	0.338	5	6	6.4e-05
47	4	-0.338	6	5	6.4e-05
48	4	0.052705	6	11	6.4e-05
49	4	0.060064	6	12	6.4e-05
50	4	0.13978	6	13	6.4e-05
51	4	-0.22345	7	4	6.4e-05
52	4	1.6667e-09	7	8	6.4e-05
53	4	0.22345	7	9	6.4e-05
54	4	-1.6667e-09	8	7	6.4e-05
55	4	-0.1283	9	4	6.4e-05
56	4	-0.22345	9	7	6.4e-05
57	4	0.043866	9	10	6.4e-05
58	4	0.077331	9	14	6.4e-05
59	4	-0.043753	10	9	6.4e-05
60	4	-0.027081	10	11	6.4e-05
61	4	-0.05246	11	6	6.4e-05
62	4	0.027134	11	10	6.4e-05
63	4	-0.059643	12	6	6.4e-05
64	4	0.013495	12	13	6.4e-05
65	4	-0.13851	13	6	6.4e-05
66	4	-0.013455	13	12	6.4e-05
67	4	0.040698	13	14	6.4e-05
68	4	-0.07651	14	9	6.4e-05
69	4	-0.04044	14	13	6.4e-05
70	5	-0.046206	1	2	6.4e-05
71	5	0.087251	1	5	6.4e-05
72	5	0.17688	2	1	6.4e-05
73	5	0.10702	2	3	6.4e-05
74	5	0.019137	2	4	6.4e-05
75	5	0.042659	2	5	6.4e-05
76	5	-0.0081439	3	2	6.4e-05
77	5	-0.0079146	3	4	6.4e-05
78	5	0.045976	4	2	6.4e-05
79	5	0.02589	4	3	6.4e-05
80	5	0.11838	4	5	6.4e-05
81	5	-0.21518	4	7	6.4e-05
82	5	-0.075317	4	9	6.4e-05
83	5	0.030658	5	1	6.4e-05
84	5	0.010241	5	2	6.4e-05
85	5	-0.10951	5	4	6.4e-05
86	5	-0.18336	5	6	6.4e-05
87	5	0.21641	6	5	6.4e-05
88	5	0.01356	6	11	6.4e-05
89	5	0.017538	6	12	6.4e-05
90	5	0.05047	6	13	6.4e-05
91	5	0.23395	7	4	6.4e-05
92	5	-0.13436	7	8	6.4e-05
93	5	0.023073	7	9	6.4e-05
94	5	0.13715	8	7	6.4e-05
95	5	0.086695	9	4	6.4e-05
96	5	-0.018204	9	7	6.4e-05
97	5	0.046053	9	10	6.4e-05
98	5	0.03684	9	14	6.4e-05
99	5	-0.045752	10	9	6.4e-05
100	5	0.00010383	10	11	6.4e-05
101	5	-0.013046	11	6	6.4e-05
102	5	2.1363e-05	11	10	6.4e-05
103	5	-0.016663	12	6	6.4e-05
104	5	0.0045587	12	13	6.4e-05
105	5	-0.047957	13	6	6.4e-05
106	5	-0.0045225	13	12	6.4e-05
107	5	0.0046764	13	14	6.4e-05
108	5	-0.035093	14	9	6.4e-05
109	5	-0.004152	14	13	6.4e-05
1	1	1	1	0	1e-06
2	2	1.7407	1	0	1e-05
3	2	0.1262	2	0	1e-05
4	2	-0.68555	3	0	1e-05
5	2	-0.36037	4	0	1e-05
6	2	-0.063675	5	0	1e-05
7	2	-0.082573	6	0	1e-05
8	2	-8.9066e-08	7	0	1e-05
9	2	-1.6518e-09	8	0	1e-05
10	2	-0.23032	9	0	1e-05
11	2	-0.071402	10	0	1e-05
12	2	-0.02475	11	0	1e-05
13	2	-0.047473	12	0	1e-05
14	2	-0.11007	13	0	1e-05
15	2	-0.11588	14	0	1e-05
16	3	-0.07456	1	0	1e-05
17	3	0.16612	2	0	1e-05
18	3	-0.073934	3	0	1e-05
19	3	0.029404	4	0	1e-05
20	3	-0.013402	5	0	1e-05
21	3	-0.034093	6	0	1e-05
22	3	1.9699e-07	7	0	1e-05
23	3	0.13748	8	0	1e-05
24	3	0.086158	9	0	1e-05
25	3	-0.046015	10	0	1e-05
26	3	-0.012729	11	0	1e-05
27	3	-0.012452	12	0	1e-05
28	3	-0.047291	13	0	1e-05
29	3	-0.038886	14	0	1e-05
30	4	1.1718	1	2	6.4e-05
31	4	0.56887	1	5	6.4e-05
32	4	-1.148	2	1	6.4e-05
33	4	0.53304	2	3	6.4e-05
34	4	0.42512	2	4	6.4e-05
35	4	0.31606	2	5	6.4e-05
36	4	-0.52052	3	2	6.4e-05
37	4	-0.16503	3	4	6.4e-05
38	4	-0.4155	4	2	6.4e-05
39	4	0.16684	4	3	6.4e-05
40	4	-0.46144	4	5	6.4e-05
41	4	0.22217	4	7	6.4e-05
42	4	0.12757	4	9	6.4e-05
43	4	-0.55313	5	1	6.4e-05
44	4	-0.31082	5	2	6.4e-05
45	4	0.46433	5	4	6.4e-05
46	4	0.33595	5	6	6.4e-05
47	4	-0.33595	6	5	6.4e-05
48	4	0.053249	6	11	6.4e-05
49	4	0.060619	6	12	6.4e-05
50	4	0.13951	6	13	6.4e-05
51	4	-0.22217	7	4	6.4e-05
52	4	1.6518e-09	7	8	6.4e-05
53	4	0.22217	7	9	6.4e-05
54	4	-1.6518e-09	8	7	6.4e-05
55	4	-0.12757	9	4	6.4e-05
56	4	-0.22217	9	7	6.4e-05
57	4	0.043325	9	10	6.4e-05
58	4	0.076084	9	14	6.4e-05
59	4	-0.043212	10	9	6.4e-05
60	4	-0.028191	10	11	6.4e-05
61	4	-0.052999	11	6	6.4e-05
62	4	0.028249	11	10	6.4e-05
63	4	-0.060191	12	6	6.4e-05
64	4	0.012718	12	13	6.4e-05
65	4	-0.13825	13	6	6.4e-05
66	4	-0.012682	13	12	6.4e-05
67	4	0.040854	13	14	6.4e-05
68	4	-0.075286	14	9	6.4e-05
69	4	-0.040595	14	13	6.4e-05
70	5	-0.047118	1	2	6.4e-05
71	5	0.087164	1	5	6.4e-05
72	5	0.17823	2	1	6.4e-05
73	5	0.10691	2	3	6.4e-05
74	5	0.018918	2	4	6.4e-05
75	5	0.042456	2	5	6.4e-05
76	5	-0.0078998	3	2	6.4e-05
77	5	-0.0082966	3	4	6.4e-05
78	5	0.046646	4	2	6.4e-05
79	5	0.026137	4	3	6.4e-05
80	5	0.11909	4	5	6.4e-05
81	5	-0.21548	4	7	6.4e-05
82	5	-0.07544	4	9	6.4e-05
83	5	0.03127	5	1	6.4e-05
84	5	0.010611	5	2	6.4e-05
85	5	-0.10997	5	4	6.4e-05
86	5	-0.18369	5	6	6.4e-05
87	5	0.21646	6	5	6.4e-05
88	5	0.013269	6	11	6.4e-05
89	5	0.01773	6	12	6.4e-05
90	5	0.049903	6	13	6.4e-05
91	5	0.23417	7	4	6.4e-05
92	5	-0.13467	7	8	6.4e-05
93	5	0.023146	7	9	6.4e-05
94	5	0.13748	8	7	6.4e-05
95	5	0.086733	9	4	6.4e-05
96	5	-0.018332	9	7	6.4e-05
97	5	0.046434	9	10	6.4e-05
98	5	0.036643	9	14	6.4e-05
99	5	-0.046134	10	9	6.4e-05
100	5	0.00011889	10	11	6.4e-05
101	5	-0.012745	11	6	6.4e-05
102	5	1.6787e-05	11	10	6.4e-05
103	5	-0.016838	12	6	6.4e-05
104	5	0.0043865	12	13	6.4e-05
105	5	-0.047405	13	6	6.4e-05
106	5	-0.0043543	13	12	6.4e-05
107	5	0.0044686	13	14	6.4e-05
108	5	-0.034945	14	9	6.4e-05
109	5	-0.0039408	14	13	6.4e-05
1	1	1	1	0	1e-06
2	2	1.7434	1	0	1e-05
3	2	0.12862	2	0	1e-05
4	2	-0.68743	3	0	1e-05
5	2	-0.36165	4	0	1e-05
6	2	-0.065309	5	0	1e-05
7	2	-0.080876	6	0	1e-05
8	2	-9.8533e-08	7	0	1e-05
9	2	-1.6686e-09	8	0	1e-05
10	2	-0.22964	9	0	1e-05
11	2	-0.070113	10	0	1e-05
12	2	-0.026706	11	0	1e-05
13	2	-0.051408	12	0	1e-05
14	2	-0.1087	13	0	1e-05
15	2	-0.11509	14	0	1e-05
16	3	-0.074897	1	0	1e-05
17	3	0.1662	2	0	1e-05
18	3	-0.073156	3	0	1e-05
19	3	0.029508	4	0	1e-05
20	3	-0.013746	5	0	1e-05
21	3	-0.033053	6	0	1e-05
22	3	2.0092e-07	7	0	1e-05
23	3	0.13716	8	0	1e-05
24	3	0.086589	9	0	1e-05
25	3	-0.045184	10	0	1e-05
26	3	-0.013734	11	0	1e-05
27	3	-0.013484	12	0	1e-05
28	3	-0.0467	13	0	1e-05
29	3	-0.03862	14	0	1e-05
30	4	1.1732	1	2	6.4e-05
31	4	0.57016	1	5	6.4e-05
32	4	-1.1494	2	1	6.4e-05
33	4	0.53455	2	3	6.4e-05
34	4	0.42627	2	4	6.4e-05
35	4	0.31719	2	5	6.4e-05
36	4	-0.52196	3	2	6.4e-05
37	4	-0.16547	3	4	6.4e-05
38	4	-0.4166	4	2	6.4e-05
39	4	0.16728	4	3	6.4e-05
40	4	-0.46155	4	5	6.4e-05
41	4	0.22185	4	7	6.4e-05
42	4	0.12738	4	9	6.4e-05
43	4	-0.55436	5	1	6.4e-05
44	4	-0.31191	5	2	6.4e-05
45	4	0.46445	5	4	6.4e-05
46	4	0.33651	5	6	6.4e-05
47	4	-0.33651	6	5	6.4e-05
48	4	0.053652	6	11	6.4e-05
49	4	0.062519	6	12	6.4e-05
50	4	0.13947	6	13	6.4e-05
51	4	-0.22185	7	4	6.4e-05
52	4	1.6686e-09	7	8	6.4e-05
53	4	0.22185	7	9	6.4e-05
54	4	-1.6686e-09	8	7	6.4e-05
55	4	-0.12738	9	4	6.4e-05
56	4	-0.22185	9	7	6.4e-05
57	4	0.043586	9	10	6.4e-05
58	4	0.076001	9	14	6.4e-05
59	4	-0.043473	10	9	6.4e-05
60	4	-0.02664	10	11	6.4e-05
61	4	-0.053398	11	6	6.4e-05
62	4	0.026692	11	10	6.4e-05
63	4	-0.062062	12	6	6.4e-05
64	4	0.010654	12	13	6.4e-05
65	4	-0.1382	13	6	6.4e-05
66	4	-0.010628	13	12	6.4e-05
67	4	0.040132	13	14	6.4e-05
68	4	-0.075206	14	9	6.4e-05
69	4	-0.039882	14	13	6.4e-05
70	5	-0.047486	1	2	6.4e-05
71	5	0.087196	1	5	6.4e-05
72	5	0.17878	2	1	6.4e-05
73	5	0.10671	2	3	6.4e-05
74	5	0.018725	2	4	6.4e-05
75	5	0.042394	2	5	6.4e-05
76	5	-0.0074075	3	2	6.4e-05
77	5	-0.0080111	3	4	6.4e-05
78	5	0.046997	4	2	6.4e-05
79	5	0.025874	4	3	6.4e-05
80	5	0.11973	4	5	6.4e-05
81	5	-0.21584	4	7	6.4e-05
82	5	-0.075705	4	9	6.4e-05
83	5	0.03153	5	1	6.4e-05
84	5	0.010785	5	2	6.4e-05
85	5	-0.11059	5	4	6.4e-05
86	5	-0.18383	5	6	6.4e-05
87	5	0.21669	6	5	6.4e-05
88	5	0.013651	6	11	6.4e-05
89	5	0.018585	6	12	6.4e-05
90	5	0.049476	6	13	6.4e-05
91	5	0.23453	7	4	6.4e-05
92	5	-0.13437	7	8	6.4e-05
93	5	0.0225	7	9	6.4e-05
94	5	0.13716	8	7	6.4e-05
95	5	0.086995	9	4	6.4e-05
96	5	-0.017703	9	7	6.4e-05
97	5	0.046222	9	10	6.4e-05
98	5	0.036409	9	14	6.4e-05
99	5	-0.045921	10	9	6.4e-05
100	5	0.00073726	10	11	6.4e-05
101	5	-0.013118	11	6	6.4e-05
102	5	-0.00061604	11	10	6.4e-05
103	5	-0.017634	12	6	6.4e-05
104	5	0.0041502	12	13	6.4e-05
105	5	-0.046984	13	6	6.4e-05
106	5	-0.0041269	13	12	6.4e-05
107	5	0.0044114	13	14	6.4e-05
108	5	-0.034718	14	9	6.4e-05
109	5	-0.0039021	14	13	6.4e-05
1	1	1	1	0	1e-06
2	2	1.7339	1	0	1e-05
3	2	0.12628	2	0	1e-05
4	2	-0.67871	3	0	1e-05
5	2	-0.361	4	0	1e-05
6	2	-0.064499	5	0	1e-05
7	2	-0.081996	6	0	1e-05
8	2	-9.9553e-08	7	0	1e-05
9	2	-1.7257e-09	8	0	1e-05
10	2	-0.22948	9	0	1e-05
11	2	-0.069825	10	0	1e-05
12	2	-0.024646	11	0	1e-05
13	2	-0.051886	12	0	1e-05
14	2	-0.1082	13	0	1e-05
15	2	-0.11573	14	0	1e-05
16	3	-0.073067	1	0	1e-05
17	3	0.16465	2	0	1e-05
18	3	-0.076722	3	0	1e-05
19	3	0.029455	4	0	1e-05
20	3	-0.013575	5	0	1e-05
21	3	-0.034093	6	0	1e-05
22	3	2.0675e-07	7	0	1e-05
23	3	0.13677	8	0	1e-05
24	3	0.086724	9	0	1e-05
25	3	-0.044998	10	0	1e-05
26	3	-0.012675	11	0	1e-05
27	3	-0.013609	12	0	1e-05
28	3	-0.046485	13	0	1e-05
29	3	-0.038834	14	0	1e-05
30	4	1.1666	1	2	6.4e-05
31	4	0.56728	1	5	6.4e-05
32	4	-1.143	2	1	6.4e-05
33	4	0.52915	2	3	6.4e-05
34	4	0.42427	2	4	6.4e-05
35	4	0.31587	2	5	6.4e-05
36	4	-0.5168	3	2	6.4e-05
37	4	-0.16191	3	4	6.4e-05
38	4	-0.41469	4	2	6.4e-05
39	4	0.16365	4	3	6.4e-05
40	4	-0.4588	4	5	6.4e-05
41	4	0.2216	4	7	6.4e-05
42	4	0.12725	4	9	6.4e-05
43	4	-0.55164	5	1	6.4e-05
44	4	-0.31063	5	2	6.4e-05
45	4	0.46166	5	4	6.4e-05
46	4	0.33611	5	6	6.4e-05
47	4	-0.33611	6	5	6.4e-05
48	4	0.052081	6	11	6.4e-05
49	4	0.062712	6	12	6.4e-05
50	4	0.13932	6	13	6.4e-05
51	4	-0.2216	7	4	6.4e-05
52	4	1.7257e-09	7	8	6.4e-05
53	4	0.2216	7	9	6.4e-05
54	4	-1.7257e-09	8	7	6.4e-05
55	4	-0.12725	9	4	6.4e-05
56	4	-0.2216	9	7	6.4e-05
57	4	0.042792	9	10	6.4e-05
58	4	0.076577	9	14	6.4e-05
59	4	-0.042682	10	9	6.4e-05
60	4	-0.027143	10	11	6.4e-05
61	4	-0.051842	11	6	6.4e-05
62	4	0.027196	11	10	6.4e-05
63	4	-0.062252	12	6	6.4e-05
64	4	0.010366	12	13	6.4e-05
65	4	-0.13806	13	6	6.4e-05
66	4	-0.010342	13	12	6.4e-05
67	4	0.040206	13	14	6.4e-05
68	4	-0.075771	14	9	6.4e-05
69	4	-0.039955	14	13	6.4e-05
70	5	-0.045767	1	2	6.4e-05
71	5	0.087307	1	5	6.4e-05
72	5	0.17623	2	1	6.4e-05
73	5	0.10745	2	3	6.4e-05
74	5	0.018939	2	4	6.4e-05
75	5	0.042441	2	5	6.4e-05
76	5	-0.0091711	3	2	6.4e-05
77	5	-0.009813	3	4	6.4e-05
78	5	0.046511	4	2	6.4e-05
79	5	0.027491	4	3	6.4e-05
80	5	0.11873	4	5	6.4e-05
81	5	-0.21592	4	7	6.4e-05
82	5	-0.075822	4	9	6.4e-05
83	5	0.030774	5	1	6.4e-05
84	5	0.010607	5	2	6.4e-05
85	5	-0.1097	5	4	6.4e-05
86	5	-0.18363	5	6	6.4e-05
87	5	0.21642	6	5	6.4e-05
88	5	0.012915	6	11	6.4e-05
89	5	0.018676	6	12	6.4e-05
90	5	0.049351	6	13	6.4e-05
91	5	0.23459	7	4	6.4e-05
92	5	-0.134	7	8	6.4e-05
93	5	0.022081	7	9	6.4e-05
94	5	0.13677	8	7	6.4e-05
95	5	0.087102	9	4	6.4e-05
96	5	-0.017297	9	7	6.4e-05
97	5	0.045676	9	10	6.4e-05
98	5	0.036591	9	14	6.4e-05
99	5	-0.045385	10	9	6.4e-05
100	5	0.0003862	10	11	6.4e-05
101	5	-0.012414	11	6	6.4e-05
102	5	-0.00026047	11	10	6.4e-05
103	5	-0.01772	12	6	6.4e-05
104	5	0.0041104	12	13	6.4e-05
105	5	-0.046866	13	6	6.4e-05
106	5	-0.0040882	13	12	6.4e-05
107	5	0.0044688	13	14	6.4e-05
108	5	-0.034877	14	9	6.4e-05
109	5	-0.0039576	14	13	6.4e-05
1	1	1	1	0	1e-06
2	2	1.7284	1	0	1e-05
3	2	0.12361	2	0	1e-05
4	2	-0.68099	3	0	1e-05
5	2	-0.35375	4	0	1e-05
6	2	-0.06408	5	0	1e-05
7	2	-0.08358	6	0	1e-05
8	2	-1.0667e-07	7	0	1e-05
9	2	-1.8243e-09	8	0	1e-05
10	2	-0.22723	9	0	1e-05
11	2	-0.070233	10	0	1e-05
12	2	-0.024384	11	0	1e-05
13	2	-0.051508	12	0	1e-05
14	2	-0.10722	13	0	1e-05
15	2	-0.11538	14	0	1e-05
16	3	-0.07256	1	0	1e-05
17	3	0.16331	2	0	1e-05
18	3	-0.07668	3	0	1e-05
19	3	0.028864	4	0	1e-05
20	3	-0.013487	5	0	1e-05
21	3	-0.035726	6	0	1e-05
22	3	2.2194e-07	7	0	1e-05
23	3	0.13582	8	0	1e-05
24	3	0.088087	9	0	1e-05
25	3	-0.045262	10	0	1e-05
26	3	-0.01254	11	0	1e-05
27	3	-0.01351	12	0	1e-05
28	3	-0.046063	13	0	1e-05
29	3	-0.03872	14	0	1e-05
30	4	1.1637	1	2	6.4e-05
31	4	0.56475	1	5	6.4e-05
32	4	-1.1402	2	1	6.4e-05
33	4	0.52884	2	3	6.4e-05
34	4	0.42131	2	4	6.4e-05
35	4	0.31368	2	5	6.4e-05
36	4	-0.51651	3	2	6.4e-05
37	4	-0.16449	3	4	6.4e-05
38	4	-0.41187	4	2	6.4e-05
39	4	0.16628	4	3	6.4e-05
40	4	-0.45562	4	5	6.4e-05
41	4	0.22071	4	7	6.4e-05
42	4	0.12674	4	9	6.4e-05
43	4	-0.54925	5	1	6.4e-05
44	4	-0.30852	5	2	6.4e-05
45	4	0.45844	5	4	6.4e-05
46	4	0.33524	5	6	6.4e-05
47	4	-0.33524	6	5	6.4e-05
48	4	0.05138	6	11	6.4e-05
49	4	0.06219	6	12	6.4e-05
50	4	0.13809	6	13	6.4e-05
51	4	-0.22071	7	4	6.4e-05
52	4	1.8243e-09	7	8	6.4e-05
53	4	0.22071	7	9	6.4e-05
54	4	-1.8243e-09	8	7	6.4e-05
55	4	-0.12674	9	4	6.4e-05
56	4	-0.22071	9	7	6.4e-05
57	4	0.043634	9	10	6.4e-05
58	4	0.076597	9	14	6.4e-05
59	4	-0.043522	10	9	6.4e-05
60	4	-0.026712	10	11	6.4e-05
61	4	-0.051148	11	6	6.4e-05
62	4	0.026764	11	10	6.4e-05
63	4	-0.061738	12	6	6.4e-05
64	4	0.010231	12	13	6.4e-05
65	4	-0.13685	13	6	6.4e-05
66	4	-0.010207	13	12	6.4e-05
67	4	0.03984	13	14	6.4e-05
68	4	-0.075791	14	9	6.4e-05
69	4	-0.039593	14	13	6.4e-05
70	5	-0.045018	1	2	6.4e-05
71	5	0.087065	1	5	6.4e-05
72	5	0.17511	2	1	6.4e-05
73	5	0.10749	2	3	6.4e-05
74	5	0.018771	2	4	6.4e-05
75	5	0.042329	2	5	6.4e-05
76	5	-0.0092709	3	2	6.4e-05
77	5	-0.0096712	3	4	6.4e-05
78	5	0.04628	4	2	6.4e-05
79	5	0.027491	4	3	6.4e-05
80	5	0.11858	4	5	6.4e-05
81	5	-0.21597	4	7	6.4e-05
82	5	-0.076023	4	9	6.4e-05
83	5	0.030448	5	1	6.4e-05
84	5	0.010503	5	2	6.4e-05
85	5	-0.10968	5	4	6.4e-05
86	5	-0.1832	5	6	6.4e-05
87	5	0.21581	6	5	6.4e-05
88	5	0.012603	6	11	6.4e-05
89	5	0.018502	6	12	6.4e-05
90	5	0.048816	6	13	6.4e-05
91	5	0.23457	7	4	6.4e-05
92	5	-0.13309	7	8	6.4e-05
93	5	0.021228	7	9	6.4e-05
94	5	0.13582	8	7	6.4e-05
95	5	0.08725	9	4	6.4e-05
96	5	-0.016487	9	7	6.4e-05
97	5	0.046107	9	10	6.4e-05
98	5	0.036594	9	14	6.4e-05
99	5	-0.045807	10	9	6.4e-05
100	5	0.00054564	10	11	6.4e-05
101	5	-0.012117	11	6	6.4e-05
102	5	-0.00042388	11	10	6.4e-05
103	5	-0.017561	12	6	6.4e-05
104	5	0.0040513	12	13	6.4e-05
105	5	-0.046375	13	6	6.4e-05
106	5	-0.0040297	13	12	6.4e-05
107	5	0.0043413	13	14	6.4e-05
108	5	-0.03488	14	9	6.4e-05
109	5	-0.0038397	14	13	6.4e-05
1	1	1	1	0	1e-06
2	2	1.721	1	0	1e-05
3	2	0.12521	2	0	1e-05
4	2	-0.6783	3	0	1e-05
5	2	-0.35467	4	0	1e-05
6	2	-0.063419	5	0	1e-05
7	2	-0.083116	6	0	1e-05
8	2	-1.1784e-07	7	0	1e-05
9	2	-1.9089e-09	8	0	1e-05
10	2	-0.2256	9	0	1e-05
11	2	-0.070001	10	0	1e-05
12	2	-0.024625	11	0	1e-05
13	2	-0.051309	12	0	1e-05
14	2	-0.10774	13	0	1e-05
15	2	-0.11428	14	0	1e-05
16	3	-0.071223	1	0	1e-05
17	3	0.16115	2	0	1e-05
18	3	-0.078087	3	0	1e-05
19	3	0.028939	4	0	1e-05
20	3	-0.013347	5	0	1e-05
21	3	-0.036493	6	0	1e-05
22	3	2.3764e-07	7	0	1e-05
23	3	0.13516	8	0	1e-05
24	3	0.089079	9	0	1e-05
25	3	-0.045112	10	0	1e-05
26	3	-0.012664	11	0	1e-05
27	3	-0.013458	12	0	1e-05
28	3	-0.046288	13	0	1e-05
29	3	-0.038348	14	0	1e-05
30	4	1.1583	1	2	6.4e-05
31	4	0.5627	1	5	6.4e-05
32	4	-1.1351	2	1	6.4e-05
33	4	0.52699	2	3	6.4e-05
34	4	0.42035	2	4	6.4e-05
35	4	0.31292	2	5	6.4e-05
36	4	-0.51474	3	2	6.4e-05
37	4	-0.16357	3	4	6.4e-05
38	4	-0.41095	4	2	6.4e-05
39	4	0.16534	4	3	6.4e-05
40	4	-0.45478	4	5	6.4e-05
41	4	0.21961	4	7	6.4e-05
42	4	0.12611	4	9	6.4e-05
43	4	-0.54731	5	1	6.4e-05
44	4	-0.30779	5	2	6.4e-05
45	4	0.45759	5	4	6.4e-05
46	4	0.33408	5	6	6.4e-05
47	4	-0.33408	6	5	6.4e-05
48	4	0.0511	6	11	6.4e-05
49	4	0.062025	6	12	6.4e-05
50	4	0.13784	6	13	6.4e-05
51	4	-0.21961	7	4	6.4e-05
52	4	1.9089e-09	7	8	6.4e-05
53	4	0.21961	7	9	6.4e-05
54	4	-1.9089e-09	8	7	6.4e-05
55	4	-0.12611	9	4	6.4e-05
56	4	-0.21961	9	7	6.4e-05
57	4	0.043919	9	10	6.4e-05
58	4	0.076203	9	14	6.4e-05
59	4	-0.043805	10	9	6.4e-05
60	4	-0.026196	10	11	6.4e-05
61	4	-0.050871	11	6	6.4e-05
62	4	0.026246	11	10	6.4e-05
63	4	-0.061576	12	6	6.4e-05
64	4	0.010266	12	13	6.4e-05
65	4	-0.13661	13	6	6.4e-05
66	4	-0.010242	13	12	6.4e-05
67	4	0.039109	13	14	6.4e-05
68	4	-0.075405	14	9	6.4e-05
69	4	-0.038872	14	13	6.4e-05
70	5	-0.043625	1	2	6.4e-05
71	5	0.087009	1	5	6.4e-05
72	5	0.17305	2	1	6.4e-05
73	5	0.10775	2	3	6.4e-05
74	5	0.018611	2	4	6.4e-05
75	5	0.042137	2	5	6.4e-05
76	5	-0.0098742	3	2	6.4e-05
77	5	-0.010475	3	4	6.4e-05
78	5	0.046312	4	2	6.4e-05
79	5	0.028249	4	3	6.4e-05
80	5	0.11835	4	5	6.4e-05
81	5	-0.21621	4	7	6.4e-05
82	5	-0.076284	4	9	6.4e-05
83	5	0.030047	5	1	6.4e-05
84	5	0.010621	5	2	6.4e-05
85	5	-0.10948	5	4	6.4e-05
86	5	-0.183	5	6	6.4e-05
87	5	0.21542	6	5	6.4e-05
88	5	0.012395	6	11	6.4e-05
89	5	0.018438	6	12	6.4e-05
90	5	0.048711	6	13	6.4e-05
91	5	0.23473	7	4	6.4e-05
92	5	-0.13246	7	8	6.4e-05
93	5	0.020456	7	9	6.4e-05
94	5	0.13516	8	7	6.4e-05
95	5	0.087448	9	4	6.4e-05
96	5	-0.015766	9	7	6.4e-05
97	5	0.046281	9	10	6.4e-05
98	5	0.036515	9	14	6.4e-05
99	5	-0.045979	10	9	6.4e-05
100	5	0.00086669	10	11	6.4e-05
101	5	-0.011915	11	6	6.4e-05
102	5	-0.00074955	11	10	6.4e-05
103	5	-0.017502	12	6	6.4e-05
104	5	0.0040442	12	13	6.4e-05
105	5	-0.046279	13	6	6.4e-05
106	5	-0.0040225	13	12	6.4e-05
107	5	0.0040137	13	14	6.4e-05
108	5	-0.034817	14	9	6.4e-05
109	5	-0.003531	14	13	6.4e-05
1	1	1	1	0	1e-06
2	2	1.7165	1	0	1e-05
3	2	0.1234	2	0	1e-05
4	2	-0.6713	3	0	1e-05
5	2	-0.3558	4	0	1e-05
6	2	-0.06543	5	0	1e-05
7	2	-0.081883	6	0	1e-05
8	2	-1.0912e-07	7	0	1e-05
9	2	-1.8932e-09	8	0	1e-05
10	2	-0.22723	9	0	1e-05
11	2	-0.070185	10	0	1e-05
12	2	-0.02405	11	0	1e-05
13	2	-0.049436	12	0	1e-05
14	2	-0.10757	13	0	1e-05
15	2	-0.11443	14	0	1e-05
16	3	-0.070082	1	0	1e-05
17	3	0.16115	2	0	1e-05
18	3	-0.080478	3	0	1e-05
19	3	0.029031	4	0	1e-05
20	3	-0.01377	5	0	1e-05
21	3	-0.037204	6	0	1e-05
22	3	2.3496e-07	7	0	1e-05
23	3	0.13571	8	0	1e-05
24	3	0.088094	9	0	1e-05
25	3	-0.045231	10	0	1e-05
26	3	-0.012368	11	0	1e-05
27	3	-0.012967	12	0	1e-05
28	3	-0.046214	13	0	1e-05
29	3	-0.0384	14	0	1e-05
30	4	1.155	1	2	6.4e-05
31	4	0.56151	1	5	6.4e-05
32	4	-1.1319	2	1	6.4e-05
33	4	0.52311	2	3	6.4e-05
34	4	0.41964	2	4	6.4e-05
35	4	0.31258	2	5	6.4e-05
36	4	-0.51103	3	2	6.4e-05
37	4	-0.16027	3	4	6.4e-05
38	4	-0.41027	4	2	6.4e-05
39	4	0.16198	4	3	6.4e-05
40	4	-0.45328	4	5	6.4e-05
41	4	0.21964	4	7	6.4e-05
42	4	0.12613	4	9	6.4e-05
43	4	-0.54618	5	1	6.4e-05
44	4	-0.30746	5	2	6.4e-05
45	4	0.45607	5	4	6.4e-05
46	4	0.33214	5	6	6.4e-05
47	4	-0.33214	6	5	6.4e-05
48	4	0.05167	6	11	6.4e-05
49	4	0.061029	6	12	6.4e-05
50	4	0.13755	6	13	6.4e-05
51	4	-0.21964	7	4	6.4e-05
52	4	1.8932e-09	7	8	6.4e-05
53	4	0.21964	7	9	6.4e-05
54	4	-1.8932e-09	8	7	6.4e-05
55	4	-0.12613	9	4	6.4e-05
56	4	-0.21964	9	7	6.4e-05
57	4	0.042965	9	10	6.4e-05
58	4	0.075576	9	14	6.4e-05
59	4	-0.042853	10	9	6.4e-05
60	4	-0.027332	10	11	6.4e-05
61	4	-0.051436	11	6	6.4e-05
62	4	0.027386	11	10	6.4e-05
63	4	-0.060595	12	6	6.4e-05
64	4	0.011159	12	13	6.4e-05
65	4	-0.13633	13	6	6.4e-05
66	4	-0.011131	13	12	6.4e-05
67	4	0.03989	13	14	6.4e-05
68	4	-0.074788	14	9	6.4e-05
69	4	-0.039643	14	13	6.4e-05
70	5	-0.042781	1	2	6.4e-05
71	5	0.087307	1	5	6.4e-05
72	5	0.17181	2	1	6.4e-05
73	5	0.10829	2	3	6.4e-05
74	5	0.019044	2	4	6.4e-05
75	5	0.042418	2	5	6.4e-05
76	5	-0.011136	3	2	6.4e-05
77	5	-0.011605	3	4	6.4e-05
78	5	0.045781	4	2	6.4e-05
79	5	0.029207	4	3	6.4e-05
80	5	0.11755	4	5	6.4e-05
81	5	-0.21597	4	7	6.4e-05
82	5	-0.076046	4	9	6.4e-05
83	5	0.029489	5	1	6.4e-05
84	5	0.010307	5	2	6.4e-05
85	5	-0.10875	5	4	6.4e-05
86	5	-0.18327	5	6	6.4e-05
87	5	0.21542	6	5	6.4e-05
88	5	0.012254	6	11	6.4e-05
89	5	0.017966	6	12	6.4e-05
90	5	0.048606	6	13	6.4e-05
91	5	0.23448	7	4	6.4e-05
92	5	-0.13298	7	8	6.4e-05
93	5	0.021212	7	9	6.4e-05
94	5	0.13571	8	7	6.4e-05
95	5	0.087194	9	4	6.4e-05
96	5	-0.016517	9	7	6.4e-05
97	5	0.046258	9	10	6.4e-05
98	5	0.036537	9	14	6.4e-05
99	5	-0.045962	10	9	6.4e-05
100	5	0.00073154	10	11	6.4e-05
101	5	-0.011764	11	6	6.4e-05
102	5	-0.00060403	11	10	6.4e-05
103	5	-0.017062	12	6	6.4e-05
104	5	0.0040952	12	13	6.4e-05
105	5	-0.046185	13	6	6.4e-05
106	5	-0.00407	13	12	6.4e-05
107	5	0.004041	13	14	6.4e-05
108	5	-0.034861	14	9	6.4e-05
109	5	-0.003539	14	13	6.4e-05
1	1	1	1	0	1e-06
2	2	1.7203	1	0	1e-05
3	2	0.12392	2	0	1e-05
4	2	-0.67439	3	0	1e-05
5	2	-0.35604	4	0	1e-05
6	2	-0.064323	5	0	1e-05
7	2	-0.083353	6	0	1e-05
8	2	-1.0776e-07	7	0	1e-05
9	2	-1.8654e-09	8	0	1e-05
10	2	-0.22721	9	0	1e-05
11	2	-0.071202	10	0	1e-05
12	2	-0.023161	11	0	1e-05
13	2	-0.050301	12	0	1e-05
14	2	-0.10699	13	0	1e-05
15	2	-0.11426	14	0	1e-05
16	3	-0.070874	1	0	1e-05
17	3	0.16174	2	0	1e-05
18	3	-0.079239	3	0	1e-05
19	3	0.029051	4	0	1e-05
20	3	-0.013537	5	0	1e-05
21	3	-0.037047	6	0	1e-05
22	3	2.3047e-07	7	0	1e-05
23	3	0.13581	8	0	1e-05
24	3	0.088096	9	0	1e-05
25	3	-0.045886	10	0	1e-05
26	3	-0.011911	11	0	1e-05
27	3	-0.013194	12	0	1e-05
28	3	-0.045968	13	0	1e-05
29	3	-0.038344	14	0	1e-05
30	4	1.1577	1	2	6.4e-05
31	4	0.56258	1	5	6.4e-05
32	4	-1.1345	2	1	6.4e-05
33	4	0.52504	2	3	6.4e-05
34	4	0.42039	2	4	6.4e-05
35	4	0.313	2	5	6.4e-05
36	4	-0.51288	3	2	6.4e-05
37	4	-0.16152	3	4	6.4e-05
38	4	-0.41099	4	2	6.4e-05
39	4	0.16325	4	3	6.4e-05
40	4	-0.45464	4	5	6.4e-05
41	4	0.21999	4	7	6.4e-05
42	4	0.12633	4	9	6.4e-05
43	4	-0.54719	5	1	6.4e-05
44	4	-0.30786	5	2	6.4e-05
45	4	0.45745	5	4	6.4e-05
46	4	0.33328	5	6	6.4e-05
47	4	-0.33328	6	5	6.4e-05
48	4	0.051184	6	11	6.4e-05
49	4	0.061395	6	12	6.4e-05
50	4	0.13735	6	13	6.4e-05
51	4	-0.21999	7	4	6.4e-05
52	4	1.8654e-09	7	8	6.4e-05
53	4	0.21999	7	9	6.4e-05
54	4	-1.8654e-09	8	7	6.4e-05
55	4	-0.12633	9	4	6.4e-05
56	4	-0.21999	9	7	6.4e-05
57	4	0.043578	9	10	6.4e-05
58	4	0.075541	9	14	6.4e-05
59	4	-0.043464	10	9	6.4e-05
60	4	-0.027738	10	11	6.4e-05
61	4	-0.050954	11	6	6.4e-05
62	4	0.027794	11	10	6.4e-05
63	4	-0.060955	12	6	6.4e-05
64	4	0.010655	12	13	6.4e-05
65	4	-0.13612	13	6	6.4e-05
66	4	-0.010629	13	12	6.4e-05
67	4	0.039754	13	14	6.4e-05
68	4	-0.074755	14	9	6.4e-05
69	4	-0.039509	14	13	6.4e-05
70	5	-0.043476	1	2	6.4e-05
71	5	0.087209	1	5	6.4e-05
72	5	0.17283	2	1	6.4e-05
73	5	0.10802	2	3	6.4e-05
74	5	0.018937	2	4	6.4e-05
75	5	0.042351	2	5	6.4e-05
76	5	-0.010508	3	2	6.4e-05
77	5	-0.010994	3	4	6.4e-05
78	5	0.045988	4	2	6.4e-05
79	5	0.028659	4	3	6.4e-05
80	5	0.11786	4	5	6.4e-05
81	5	-0.21595	4	7	6.4e-05
82	5	-0.076014	4	9	6.4e-05
83	5	0.029823	5	1	6.4e-05
84	5	0.010414	5	2	6.4e-05
85	5	-0.109	5	4	6.4e-05
86	5	-0.18322	5	6	6.4e-05
87	5	0.21554	6	5	6.4e-05
88	5	0.012221	6	11	6.4e-05
89	5	0.018157	6	12	6.4e-05
90	5	0.048489	6	13	6.4e-05
91	5	0.23448	7	4	6.4e-05
92	5	-0.13308	7	8	6.4e-05
93	5	0.021299	7	9	6.4e-05
94	5	0.13581	8	7	6.4e-05
95	5	0.087186	9	4	6.4e-05
96	5	-0.016588	9	7	6.4e-05
97	5	0.04649	9	10	6.4e-05
98	5	0.036384	9	14	6.4e-05
99	5	-0.046189	10	9	6.4e-05
100	5	0.00030271	10	11	6.4e-05
101	5	-0.01174	11	6	6.4e-05
102	5	-0.00017145	11	10	6.4e-05
103	5	-0.017241	12	6	6.4e-05
104	5	0.0040474	12	13	6.4e-05
105	5	-0.046075	13	6	6.4e-05
106	5	-0.0040242	13	12	6.4e-05
107	5	0.0041312	13	14	6.4e-05
108	5	-0.034711	14	9	6.4e-05
109	5	-0.0036324	14	13	6.4e-05
1	1	1	1	0	1e-06
2	2	1.7113	1	0	1e-05
3	2	0.12181	2	0	1e-05
4	2	-0.6704	3	0	1e-05
5	2	-0.35339	4	0	1e-05
6	2	-0.064877	5	0	1e-05
7	2	-0.082607	6	0	1e-05
8	2	-1.1952e-07	7	0	1e-05
9	2	-1.9889e-09	8	0	1e-05
10	2	-0.22562	9	0	1e-05
11	2	-0.069737	10	0	1e-05
12	2	-0.024081	11	0	1e-05
13	2	-0.049994	12	0	1e-05
14	2	-0.1063	13	0	1e-05
15	2	-0.11397	14	0	1e-05
16	3	-0.069405	1	0	1e-05
17	3	0.15985	2	0	1e-05
18	3	-0.081382	3	0	1e-05
19	3	0.028834	4	0	1e-05
20	3	-0.013654	5	0	1e-05
21	3	-0.038566	6	0	1e-05
22	3	2.515e-07	7	0	1e-05
23	3	0.1349	8	0	1e-05
24	3	0.089089	9	0	1e-05
25	3	-0.044942	10	0	1e-05
26	3	-0.012384	11	0	1e-05
27	3	-0.013113	12	0	1e-05
28	3	-0.045669	13	0	1e-05
29	3	-0.038244	14	0	1e-05
30	4	1.1518	1	2	6.4e-05
31	4	0.5595	1	5	6.4e-05
32	4	-1.1289	2	1	6.4e-05
33	4	0.52173	2	3	6.4e-05
34	4	0.41778	2	4	6.4e-05
35	4	0.31115	2	5	6.4e-05
36	4	-0.50971	3	2	6.4e-05
37	4	-0.16069	3	4	6.4e-05
38	4	-0.40849	4	2	6.4e-05
39	4	0.16241	4	3	6.4e-05
40	4	-0.45152	4	5	6.4e-05
41	4	0.21864	4	7	6.4e-05
42	4	0.12556	4	9	6.4e-05
43	4	-0.54428	5	1	6.4e-05
44	4	-0.30607	5	2	6.4e-05
45	4	0.45429	5	4	6.4e-05
46	4	0.33118	5	6	6.4e-05
47	4	-0.33118	6	5	6.4e-05
48	4	0.051096	6	11	6.4e-05
49	4	0.061004	6	12	6.4e-05
50	4	0.13648	6	13	6.4e-05
51	4	-0.21864	7	4	6.4e-05
52	4	1.9889e-09	7	8	6.4e-05
53	4	0.21864	7	9	6.4e-05
54	4	-1.9889e-09	8	7	6.4e-05
55	4	-0.12556	9	4	6.4e-05
56	4	-0.21864	9	7	6.4e-05
57	4	0.043114	9	10	6.4e-05
58	4	0.075476	9	14	6.4e-05
59	4	-0.043002	10	9	6.4e-05
60	4	-0.026734	10	11	6.4e-05
61	4	-0.050868	11	6	6.4e-05
62	4	0.026787	11	10	6.4e-05
63	4	-0.06057	12	6	6.4e-05
64	4	0.010575	12	13	6.4e-05
65	4	-0.13527	13	6	6.4e-05
66	4	-0.01055	13	12	6.4e-05
67	4	0.039519	13	14	6.4e-05
68	4	-0.07469	14	9	6.4e-05
69	4	-0.039277	14	13	6.4e-05
70	5	-0.041949	1	2	6.4e-05
71	5	0.087151	1	5	6.4e-05
72	5	0.17058	2	1	6.4e-05
73	5	0.10848	2	3	6.4e-05
74	5	0.018901	2	4	6.4e-05
75	5	0.04229	2	5	6.4e-05
76	5	-0.011584	3	2	6.4e-05
77	5	-0.01206	3	4	6.4e-05
78	5	0.045676	4	2	6.4e-05
79	5	0.029689	4	3	6.4e-05
80	5	0.1174	4	5	6.4e-05
81	5	-0.21617	4	7	6.4e-05
82	5	-0.076305	4	9	6.4e-05
83	5	0.029197	5	1	6.4e-05
84	5	0.010294	5	2	6.4e-05
85	5	-0.10867	5	4	6.4e-05
86	5	-0.18297	5	6	6.4e-05
87	5	0.21496	6	5	6.4e-05
88	5	0.011937	6	11	6.4e-05
89	5	0.017996	6	12	6.4e-05
90	5	0.048	6	13	6.4e-05
91	5	0.2346	7	4	6.4e-05
92	5	-0.1322	7	8	6.4e-05
93	5	0.020342	7	9	6.4e-05
94	5	0.1349	8	7	6.4e-05
95	5	0.087398	9	4	6.4e-05
96	5	-0.015693	9	7	6.4e-05
97	5	0.046287	9	10	6.4e-05
98	5	0.036502	9	14	6.4e-05
99	5	-0.04599	10	9	6.4e-05
100	5	0.001048	10	11	6.4e-05
101	5	-0.011459	11	6	6.4e-05
102	5	-0.00092597	11	10	6.4e-05
103	5	-0.017093	12	6	6.4e-05
104	5	0.0039792	12	13	6.4e-05
105	5	-0.045619	13	6	6.4e-05
106	5	-0.0039565	13	12	6.4e-05
107	5	0.003906	13	14	6.4e-05
108	5	-0.03483	14	9	6.4e-05
109	5	-0.0034137	14	13	6.4e-05
1	1	1	1	0	1e-06
2	2	1.7121	1	0	1e-05
3	2	0.12251	2	0	1e-05
4	2	-0.67236	3	0	1e-05
5	2	-0.35665	4	0	1e-05
6	2	-0.064323	5	0	1e-05
7	2	-0.081747	6	0	1e-05
8	2	-1.3052e-07	7	0	1e-05
9	2	-2.034e-09	8	0	1e-05
10	2	-0.22556	9	0	1e-05
11	2	-0.068992	10	0	1e-05
12	2	-0.023422	11	0	1e-05
13	2	-0.050373	12	0	1e-05
14	2	-0.10583	13	0	1e-05
15	2	-0.11312	14	0	1e-05
16	3	-0.069783	1	0	1e-05
17	3	0.1595	2	0	1e-05
18	3	-0.080819	3	0	1e-05
19	3	0.0291	4	0	1e-05
20	3	-0.013537	5	0	1e-05
21	3	-0.039758	6	0	1e-05
22	3	2.6491e-07	7	0	1e-05
23	3	0.13457	8	0	1e-05
24	3	0.089161	9	0	1e-05
25	3	-0.044462	10	0	1e-05
26	3	-0.012046	11	0	1e-05
27	3	-0.013213	12	0	1e-05
28	3	-0.045468	13	0	1e-05
29	3	-0.037961	14	0	1e-05
30	4	1.1525	1	2	6.4e-05
31	4	0.5596	1	5	6.4e-05
32	4	-1.1295	2	1	6.4e-05
33	4	0.52288	2	3	6.4e-05
34	4	0.41815	2	4	6.4e-05
35	4	0.31101	2	5	6.4e-05
36	4	-0.51081	3	2	6.4e-05
37	4	-0.16155	3	4	6.4e-05
38	4	-0.40884	4	2	6.4e-05
39	4	0.16328	4	3	6.4e-05
40	4	-0.45356	4	5	6.4e-05
41	4	0.21754	4	7	6.4e-05
42	4	0.12493	4	9	6.4e-05
43	4	-0.54437	5	1	6.4e-05
44	4	-0.30594	5	2	6.4e-05
45	4	0.45636	5	4	6.4e-05
46	4	0.32963	5	6	6.4e-05
47	4	-0.32963	6	5	6.4e-05
48	4	0.050708	6	11	6.4e-05
49	4	0.061077	6	12	6.4e-05
50	4	0.1361	6	13	6.4e-05
51	4	-0.21754	7	4	6.4e-05
52	4	2.034e-09	7	8	6.4e-05
53	4	0.21754	7	9	6.4e-05
54	4	-2.034e-09	8	7	6.4e-05
55	4	-0.12493	9	4	6.4e-05
56	4	-0.21754	9	7	6.4e-05
57	4	0.042093	9	10	6.4e-05
58	4	0.074824	9	14	6.4e-05
59	4	-0.041984	10	9	6.4e-05
60	4	-0.027008	10	11	6.4e-05
61	4	-0.050483	11	6	6.4e-05
62	4	0.027061	11	10	6.4e-05
63	4	-0.060641	12	6	6.4e-05
64	4	0.010269	12	13	6.4e-05
65	4	-0.1349	13	6	6.4e-05
66	4	-0.010245	13	12	6.4e-05
67	4	0.039313	13	14	6.4e-05
68	4	-0.07405	14	9	6.4e-05
69	4	-0.039074	14	13	6.4e-05
70	5	-0.042131	1	2	6.4e-05
71	5	0.086955	1	5	6.4e-05
72	5	0.17085	2	1	6.4e-05
73	5	0.10832	2	3	6.4e-05
74	5	0.018642	2	4	6.4e-05
75	5	0.042095	2	5	6.4e-05
76	5	-0.01121	3	2	6.4e-05
77	5	-0.011872	3	4	6.4e-05
78	5	0.045985	4	2	6.4e-05
79	5	0.029546	4	3	6.4e-05
80	5	0.11784	4	5	6.4e-05
81	5	-0.21634	4	7	6.4e-05
82	5	-0.076468	4	9	6.4e-05
83	5	0.029414	5	1	6.4e-05
84	5	0.010475	5	2	6.4e-05
85	5	-0.10902	5	4	6.4e-05
86	5	-0.18292	5	6	6.4e-05
87	5	0.21467	6	5	6.4e-05
88	5	0.011402	6	11	6.4e-05
89	5	0.018009	6	12	6.4e-05
90	5	0.04762	6	13	6.4e-05
91	5	0.2347	7	4	6.4e-05
92	5	-0.13188	7	8	6.4e-05
93	5	0.019941	7	9	6.4e-05
94	5	0.13457	8	7	6.4e-05
95	5	0.087492	9	4	6.4e-05
96	5	-0.015341	9	7	6.4e-05
97	5	0.045988	9	10	6.4e-05
98	5	0.036439	9	14	6.4e-05
99	5	-0.045699	10	9	6.4e-05
100	5	0.0012375	10	11	6.4e-05
101	5	-0.010933	11	6	6.4e-05
102	5	-0.0011129	11	10	6.4e-05
103	5	-0.017103	12	6	6.4e-05
104	5	0.0038906	12	13	6.4e-05
105	5	-0.045254	13	6	6.4e-05
106	5	-0.0038691	13	12	6.4e-05
107	5	0.0036557	13	14	6.4e-05
108	5	-0.034792	14	9	6.4e-05
109	5	-0.0031691	14	13	6.4e-05
1	1	1	1	0	1e-06
2	2	1.6996	1	0	1e-05
3	2	0.11793	2	0	1e-05
4	2	-0.67268	3	0	1e-05
5	2	-0.34184	4	0	1e-05
6	2	-0.06431	5	0	1e-05
7	2	-0.083195	6	0	1e-05
8	2	-1.3235e-07	7	0	1e-05
9	2	-2.1778e-09	8	0	1e-05
10	2	-0.22403	9	0	1e-05
11	2	-0.06836	10	0	1e-05
12	2	-0.024918	11	0	1e-05
13	2	-0.04913	12	0	1e-05
14	2	-0.10566	13	0	1e-05
15	2	-0.1123	14	0	1e-05
16	3	-0.06798	1	0	1e-05
17	3	0.15709	2	0	1e-05
18	3	-0.081864	3	0	1e-05
19	3	0.027892	4	0	1e-05
20	3	-0.013534	5	0	1e-05
21	3	-0.04114	6	0	1e-05
22	3	2.827e-07	7	0	1e-05
23	3	0.13344	8	0	1e-05
24	3	0.090127	9	0	1e-05
25	3	-0.044054	10	0	1e-05
26	3	-0.012815	11	0	1e-05
27	3	-0.012887	12	0	1e-05
28	3	-0.045394	13	0	1e-05
29	3	-0.037684	14	0	1e-05
30	4	1.145	1	2	6.4e-05
31	4	0.55459	1	5	6.4e-05
32	4	-1.1223	2	1	6.4e-05
33	4	0.52034	2	3	6.4e-05
34	4	0.41263	2	4	6.4e-05
35	4	0.3073	2	5	6.4e-05
36	4	-0.50838	3	2	6.4e-05
37	4	-0.1643	3	4	6.4e-05
38	4	-0.40357	4	2	6.4e-05
39	4	0.1661	4	3	6.4e-05
40	4	-0.44611	4	5	6.4e-05
41	4	0.21707	4	7	6.4e-05
42	4	0.12467	4	9	6.4e-05
43	4	-0.53963	5	1	6.4e-05
44	4	-0.30235	5	2	6.4e-05
45	4	0.44882	5	4	6.4e-05
46	4	0.32885	5	6	6.4e-05
47	4	-0.32885	6	5	6.4e-05
48	4	0.050653	6	11	6.4e-05
49	4	0.06014	6	12	6.4e-05
50	4	0.13486	6	13	6.4e-05
51	4	-0.21707	7	4	6.4e-05
52	4	2.1778e-09	7	8	6.4e-05
53	4	0.21707	7	9	6.4e-05
54	4	-2.1778e-09	8	7	6.4e-05
55	4	-0.12467	9	4	6.4e-05
56	4	-0.21707	9	7	6.4e-05
57	4	0.043007	9	10	6.4e-05
58	4	0.07471	9	14	6.4e-05
59	4	-0.042896	10	9	6.4e-05
60	4	-0.025464	10	11	6.4e-05
61	4	-0.050429	11	6	6.4e-05
62	4	0.025512	11	10	6.4e-05
63	4	-0.059718	12	6	6.4e-05
64	4	0.010588	12	13	6.4e-05
65	4	-0.13368	13	6	6.4e-05
66	4	-0.010563	13	12	6.4e-05
67	4	0.03859	13	14	6.4e-05
68	4	-0.073939	14	9	6.4e-05
69	4	-0.03836	14	13	6.4e-05
70	5	-0.04019	1	2	6.4e-05
71	5	0.086817	1	5	6.4e-05
72	5	0.16798	2	1	6.4e-05
73	5	0.10868	2	3	6.4e-05
74	5	0.018704	2	4	6.4e-05
75	5	0.042127	2	5	6.4e-05
76	5	-0.012034	3	2	6.4e-05
77	5	-0.012093	3	4	6.4e-05
78	5	0.045191	4	2	6.4e-05
79	5	0.029922	4	3	6.4e-05
80	5	0.11691	4	5	6.4e-05
81	5	-0.21617	4	7	6.4e-05
82	5	-0.076566	4	9	6.4e-05
83	5	0.028449	5	1	6.4e-05
84	5	0.010084	5	2	6.4e-05
85	5	-0.10837	5	4	6.4e-05
86	5	-0.18228	5	6	6.4e-05
87	5	0.21385	6	5	6.4e-05
88	5	0.011518	6	11	6.4e-05
89	5	0.017672	6	12	6.4e-05
90	5	0.047273	6	13	6.4e-05
91	5	0.23446	7	4	6.4e-05
92	5	-0.1308	7	8	6.4e-05
93	5	0.019139	7	9	6.4e-05
94	5	0.13344	8	7	6.4e-05
95	5	0.087559	9	4	6.4e-05
96	5	-0.014562	9	7	6.4e-05
97	5	0.046227	9	10	6.4e-05
98	5	0.036353	9	14	6.4e-05
99	5	-0.045931	10	9	6.4e-05
100	5	0.0018762	10	11	6.4e-05
101	5	-0.01105	11	6	6.4e-05
102	5	-0.0017652	11	10	6.4e-05
103	5	-0.016794	12	6	6.4e-05
104	5	0.0039072	12	13	6.4e-05
105	5	-0.044949	13	6	6.4e-05
106	5	-0.0038845	13	12	6.4e-05
107	5	0.0034398	13	14	6.4e-05
108	5	-0.034713	14	9	6.4e-05
109	5	-0.0029714	14	13	6.4e-05
1	1	1	1	0	1e-06
2	2	1.6943	1	0	1e-05
3	2	0.12047	2	0	1e-05
4	2	-0.67008	3	0	1e-05
5	2	-0.33955	4	0	1e-05
6	2	-0.064391	5	0	1e-05
7	2	-0.083466	6	0	1e-05
8	2	-1.2029e-07	7	0	1e-05
9	2	-2.1378e-09	8	0	1e-05
10	2	-0.22525	9	0	1e-05
11	2	-0.069128	10	0	1e-05
12	2	-0.024687	11	0	1e-05
13	2	-0.04994	12	0	1e-05
14	2	-0.10535	13	0	1e-05
15	2	-0.11211	14	0	1e-05
16	3	-0.066615	1	0	1e-05
17	3	0.15598	2	0	1e-05
18	3	-0.082692	3	0	1e-05
19	3	0.027705	4	0	1e-05
20	3	-0.013551	5	0	1e-05
21	3	-0.040498	6	0	1e-05
22	3	2.7097e-07	7	0	1e-05
23	3	0.13385	8	0	1e-05
24	3	0.089393	9	0	1e-05
25	3	-0.04455	10	0	1e-05
26	3	-0.012696	11	0	1e-05
27	3	-0.013099	12	0	1e-05
28	3	-0.045261	13	0	1e-05
29	3	-0.037619	14	0	1e-05
30	4	1.1407	1	2	6.4e-05
31	4	0.55353	1	5	6.4e-05
32	4	-1.1182	2	1	6.4e-05
33	4	0.51889	2	3	6.4e-05
34	4	0.41234	2	4	6.4e-05
35	4	0.30746	2	5	6.4e-05
36	4	-0.50699	3	2	6.4e-05
37	4	-0.16308	3	4	6.4e-05
38	4	-0.40329	4	2	6.4e-05
39	4	0.16485	4	3	6.4e-05
40	4	-0.44432	4	5	6.4e-05
41	4	0.21801	4	7	6.4e-05
42	4	0.12521	4	9	6.4e-05
43	4	-0.53862	5	1	6.4e-05
44	4	-0.3025	5	2	6.4e-05
45	4	0.447	5	4	6.4e-05
46	4	0.32973	5	6	6.4e-05
47	4	-0.32973	6	5	6.4e-05
48	4	0.050763	6	11	6.4e-05
49	4	0.060558	6	12	6.4e-05
50	4	0.13494	6	13	6.4e-05
51	4	-0.21801	7	4	6.4e-05
52	4	2.1378e-09	7	8	6.4e-05
53	4	0.21801	7	9	6.4e-05
54	4	-2.1378e-09	8	7	6.4e-05
55	4	-0.12521	9	4	6.4e-05
56	4	-0.21801	9	7	6.4e-05
57	4	0.04344	9	10	6.4e-05
58	4	0.074525	9	14	6.4e-05
59	4	-0.043327	10	9	6.4e-05
60	4	-0.025802	10	11	6.4e-05
61	4	-0.050538	11	6	6.4e-05
62	4	0.02585	11	10	6.4e-05
63	4	-0.06013	12	6	6.4e-05
64	4	0.010189	12	13	6.4e-05
65	4	-0.13376	13	6	6.4e-05
66	4	-0.010166	13	12	6.4e-05
67	4	0.038577	13	14	6.4e-05
68	4	-0.073758	14	9	6.4e-05
69	4	-0.038347	14	13	6.4e-05
70	5	-0.039072	1	2	6.4e-05
71	5	0.087064	1	5	6.4e-05
72	5	0.16634	2	1	6.4e-05
73	5	0.10888	2	3	6.4e-05
74	5	0.018932	2	4	6.4e-05
75	5	0.042228	2	5	6.4e-05
76	5	-0.012505	3	2	6.4e-05
77	5	-0.01245	3	4	6.4e-05
78	5	0.044924	4	2	6.4e-05
79	5	0.030213	4	3	6.4e-05
80	5	0.11624	4	5	6.4e-05
81	5	-0.21592	4	7	6.4e-05
82	5	-0.076349	4	9	6.4e-05
83	5	0.027972	5	1	6.4e-05
84	5	0.0099988	5	2	6.4e-05
85	5	-0.10778	5	4	6.4e-05
86	5	-0.18232	5	6	6.4e-05
87	5	0.21402	6	5	6.4e-05
88	5	0.011763	6	11	6.4e-05
89	5	0.017872	6	12	6.4e-05
90	5	0.047298	6	13	6.4e-05
91	5	0.23427	7	4	6.4e-05
92	5	-0.13119	7	8	6.4e-05
93	5	0.019699	7	9	6.4e-05
94	5	0.13385	8	7	6.4e-05
95	5	0.087394	9	4	6.4e-05
96	5	-0.015081	9	7	6.4e-05
97	5	0.046368	9	10	6.4e-05
98	5	0.036146	9	14	6.4e-05
99	5	-0.046068	10	9	6.4e-05
100	5	0.0015187	10	11	6.4e-05
101	5	-0.011292	11	6	6.4e-05
102	5	-0.0014048	11	10	6.4e-05
103	5	-0.016982	12	6	6.4e-05
104	5	0.0038825	12	13	6.4e-05
105	5	-0.044972	13	6	6.4e-05
106	5	-0.0038613	13	12	6.4e-05
107	5	0.0035723	13	14	6.4e-05
108	5	-0.034516	14	9	6.4e-05
109	5	-0.0031038	14	13	6.4e-05
1	1	1	1	0	1e-06
2	2	1.6996	1	0	1e-05
3	2	0.12073	2	0	1e-05
4	2	-0.66592	3	0	1e-05
5	2	-0.34993	4	0	1e-05
6	2	-0.064121	5	0	1e-05
7	2	-0.081668	6	0	1e-05
8	2	-1.1314e-07	7	0	1e-05
9	2	-2.0452e-09	8	0	1e-05
10	2	-0.2277	9	0	1e-05
11	2	-0.069281	10	0	1e-05
12	2	-0.024447	11	0	1e-05
13	2	-0.049355	12	0	1e-05
14	2	-0.10472	13	0	1e-05
15	2	-0.11199	14	0	1e-05
16	3	-0.067315	1	0	1e-05
17	3	0.15762	2	0	1e-05
18	3	-0.083477	3	0	1e-05
19	3	0.028553	4	0	1e-05
20	3	-0.013494	5	0	1e-05
21	3	-0.040472	6	0	1e-05
22	3	2.6062e-07	7	0	1e-05
23	3	0.13489	8	0	1e-05
24	3	0.087898	9	0	1e-05
25	3	-0.044648	10	0	1e-05
26	3	-0.012573	11	0	1e-05
27	3	-0.012946	12	0	1e-05
28	3	-0.044992	13	0	1e-05
29	3	-0.03758	14	0	1e-05
30	4	1.144	1	2	6.4e-05
31	4	0.5556	1	5	6.4e-05
32	4	-1.1213	2	1	6.4e-05
33	4	0.51809	2	3	6.4e-05
34	4	0.41498	2	4	6.4e-05
35	4	0.30896	2	5	6.4e-05
36	4	-0.50623	3	2	6.4e-05
37	4	-0.15969	3	4	6.4e-05
38	4	-0.40582	4	2	6.4e-05
39	4	0.16139	4	3	6.4e-05
40	4	-0.44901	4	5	6.4e-05
41	4	0.2182	4	7	6.4e-05
42	4	0.12531	4	9	6.4e-05
43	4	-0.54059	5	1	6.4e-05
44	4	-0.30396	5	2	6.4e-05
45	4	0.45174	5	4	6.4e-05
46	4	0.32868	5	6	6.4e-05
47	4	-0.32868	6	5	6.4e-05
48	4	0.05186	6	11	6.4e-05
49	4	0.060252	6	12	6.4e-05
50	4	0.1349	6	13	6.4e-05
51	4	-0.2182	7	4	6.4e-05
52	4	2.0452e-09	7	8	6.4e-05
53	4	0.2182	7	9	6.4e-05
54	4	-2.0452e-09	8	7	6.4e-05
55	4	-0.12531	9	4	6.4e-05
56	4	-0.2182	9	7	6.4e-05
57	4	0.042266	9	10	6.4e-05
58	4	0.073535	9	14	6.4e-05
59	4	-0.042156	10	9	6.4e-05
60	4	-0.027125	10	11	6.4e-05
61	4	-0.051626	11	6	6.4e-05
62	4	0.027179	11	10	6.4e-05
63	4	-0.059828	12	6	6.4e-05
64	4	0.010473	12	13	6.4e-05
65	4	-0.13372	13	6	6.4e-05
66	4	-0.010449	13	12	6.4e-05
67	4	0.039445	13	14	6.4e-05
68	4	-0.072785	14	9	6.4e-05
69	4	-0.039204	14	13	6.4e-05
70	5	-0.039911	1	2	6.4e-05
71	5	0.087202	1	5	6.4e-05
72	5	0.16757	2	1	6.4e-05
73	5	0.10899	2	3	6.4e-05
74	5	0.019135	2	4	6.4e-05
75	5	0.042326	2	5	6.4e-05
76	5	-0.012763	3	2	6.4e-05
77	5	-0.012976	3	4	6.4e-05
78	5	0.045069	4	2	6.4e-05
79	5	0.030558	4	3	6.4e-05
80	5	0.11625	4	5	6.4e-05
81	5	-0.2158	4	7	6.4e-05
82	5	-0.076086	4	9	6.4e-05
83	5	0.02829	5	1	6.4e-05
84	5	0.010046	5	2	6.4e-05
85	5	-0.10761	5	4	6.4e-05
86	5	-0.18276	5	6	6.4e-05
87	5	0.21434	6	5	6.4e-05
88	5	0.01183	6	11	6.4e-05
89	5	0.017687	6	12	6.4e-05
90	5	0.047123	6	13	6.4e-05
91	5	0.23416	7	4	6.4e-05
92	5	-0.13219	7	8	6.4e-05
93	5	0.020779	7	9	6.4e-05
94	5	0.13489	8	7	6.4e-05
95	5	0.087127	9	4	6.4e-05
96	5	-0.016148	9	7	6.4e-05
97	5	0.0463	9	10	6.4e-05
98	5	0.036019	9	14	6.4e-05
99	5	-0.046008	10	9	6.4e-05
100	5	0.0013603	10	11	6.4e-05
101	5	-0.011338	11	6	6.4e-05
102	5	-0.0012345	11	10	6.4e-05
103	5	-0.016806	12	6	6.4e-05
104	5	0.0038605	12	13	6.4e-05
105	5	-0.044799	13	6	6.4e-05
106	5	-0.0038383	13	12	6.4e-05
107	5	0.0036457	13	14	6.4e-05
108	5	-0.034424	14	9	6.4e-05
109	5	-0.003156	14	13	6.4e-05
1	1	1	1	0	1e-06
2	2	1.694	1	0	1e-05
3	2	0.12085	2	0	1e-05
4	2	-0.66535	3	0	1e-05
5	2	-0.34873	4	0	1e-05
6	2	-0.063892	5	0	1e-05
7	2	-0.08126	6	0	1e-05
8	2	-1.2499e-07	7	0	1e-05
9	2	-2.1406e-09	8	0	1e-05
10	2	-0.22595	9	0	1e-05
11	2	-0.068664	10	0	1e-05
12	2	-0.024635	11	0	1e-05
13	2	-0.049094	12	0	1e-05
14	2	-0.10492	13	0	1e-05
15	2	-0.11164	14	0	1e-05
16	3	-0.066477	1	0	1e-05
17	3	0.15601	2	0	1e-05
18	3	-0.084189	3	0	1e-05
19	3	0.028454	4	0	1e-05
20	3	-0.013446	5	0	1e-05
21	3	-0.041459	6	0	1e-05
22	3	2.7861e-07	7	0	1e-05
23	3	0.13413	8	0	1e-05
24	3	0.088968	9	0	1e-05
25	3	-0.04425	10	0	1e-05
26	3	-0.01267	11	0	1e-05
27	3	-0.012877	12	0	1e-05
28	3	-0.045077	13	0	1e-05
29	3	-0.037462	14	0	1e-05
30	4	1.1403	1	2	6.4e-05
31	4	0.55375	1	5	6.4e-05
32	4	-1.1178	2	1	6.4e-05
33	4	0.51711	2	3	6.4e-05
34	4	0.41361	2	4	6.4e-05
35	4	0.30789	2	5	6.4e-05
36	4	-0.50529	3	2	6.4e-05
37	4	-0.16006	3	4	6.4e-05
38	4	-0.4045	4	2	6.4e-05
39	4	0.16177	4	3	6.4e-05
40	4	-0.44774	4	5	6.4e-05
41	4	0.21708	4	7	6.4e-05
42	4	0.12467	4	9	6.4e-05
43	4	-0.53884	5	1	6.4e-05
44	4	-0.30292	5	2	6.4e-05
45	4	0.45046	5	4	6.4e-05
46	4	0.32741	5	6	6.4e-05
47	4	-0.32741	6	5	6.4e-05
48	4	0.05147	6	11	6.4e-05
49	4	0.060049	6	12	6.4e-05
50	4	0.13463	6	13	6.4e-05
51	4	-0.21708	7	4	6.4e-05
52	4	2.1406e-09	7	8	6.4e-05
53	4	0.21708	7	9	6.4e-05
54	4	-2.1406e-09	8	7	6.4e-05
55	4	-0.12467	9	4	6.4e-05
56	4	-0.21708	9	7	6.4e-05
57	4	0.042221	9	10	6.4e-05
58	4	0.07358	9	14	6.4e-05
59	4	-0.042111	10	9	6.4e-05
60	4	-0.026553	10	11	6.4e-05
61	4	-0.05124	11	6	6.4e-05
62	4	0.026604	11	10	6.4e-05
63	4	-0.059628	12	6	6.4e-05
64	4	0.010534	12	13	6.4e-05
65	4	-0.13345	13	6	6.4e-05
66	4	-0.01051	13	12	6.4e-05
67	4	0.039042	13	14	6.4e-05
68	4	-0.072829	14	9	6.4e-05
69	4	-0.038806	14	13	6.4e-05
70	5	-0.03895	1	2	6.4e-05
71	5	0.08708	1	5	6.4e-05
72	5	0.16616	2	1	6.4e-05
73	5	0.10913	2	3	6.4e-05
74	5	0.018952	2	4	6.4e-05
75	5	0.042166	2	5	6.4e-05
76	5	-0.01308	3	2	6.4e-05
77	5	-0.01337	3	4	6.4e-05
78	5	0.04507	4	2	6.4e-05
79	5	0.030976	4	3	6.4e-05
80	5	0.11619	4	5	6.4e-05
81	5	-0.21601	4	7	6.4e-05
82	5	-0.076351	4	9	6.4e-05
83	5	0.028006	5	1	6.4e-05
84	5	0.010103	5	2	6.4e-05
85	5	-0.1076	5	4	6.4e-05
86	5	-0.18253	5	6	6.4e-05
87	5	0.21391	6	5	6.4e-05
88	5	0.011518	6	11	6.4e-05
89	5	0.017598	6	12	6.4e-05
90	5	0.046976	6	13	6.4e-05
91	5	0.23429	7	4	6.4e-05
92	5	-0.13147	7	8	6.4e-05
93	5	0.019942	7	9	6.4e-05
94	5	0.13413	8	7	6.4e-05
95	5	0.087329	9	4	6.4e-05
96	5	-0.015361	9	7	6.4e-05
97	5	0.046298	9	10	6.4e-05
98	5	0.036129	9	14	6.4e-05
99	5	-0.046006	10	9	6.4e-05
100	5	0.0017559	10	11	6.4e-05
101	5	-0.011034	11	6	6.4e-05
102	5	-0.0016352	11	10	6.4e-05
103	5	-0.016723	12	6	6.4e-05
104	5	0.0038462	12	13	6.4e-05
105	5	-0.044663	13	6	6.4e-05
106	5	-0.0038238	13	12	6.4e-05
107	5	0.0034092	13	14	6.4e-05
108	5	-0.034532	14	9	6.4e-05
109	5	-0.0029299	14	13	6.4e-05
1	1	1	1	0	1e-06
2	2	1.6915	1	0	1e-05
3	2	0.11964	2	0	1e-05
4	2	-0.66283	3	0	1e-05
5	2	-0.35481	4	0	1e-05
6	2	-0.063743	5	0	1e-05
7	2	-0.07928	6	0	1e-05
8	2	-1.5079e-07	7	0	1e-05
9	2	-2.2745e-09	8	0	1e-05
10	2	-0.2237	9	0	1e-05
11	2	-0.067823	10	0	1e-05
12	2	-0.024091	11	0	1e-05
13	2	-0.049319	12	0	1e-05
14	2	-0.10435	13	0	1e-05
15	2	-0.11073	14	0	1e-05
16	3	-0.066318	1	0	1e-05
17	3	0.1551	2	0	1e-05
18	3	-0.085542	3	0	1e-05
19	3	0.028951	4	0	1e-05
20	3	-0.013414	5	0	1e-05
21	3	-0.043475	6	0	1e-05
22	3	3.1201e-07	7	0	1e-05
23	3	0.13325	8	0	1e-05
24	3	0.090338	9	0	1e-05
25	3	-0.043709	10	0	1e-05
26	3	-0.01239	11	0	1e-05
27	3	-0.012936	12	0	1e-05
28	3	-0.044834	13	0	1e-05
29	3	-0.037157	14	0	1e-05
30	4	1.1388	1	2	6.4e-05
31	4	0.55275	1	5	6.4e-05
32	4	-1.1163	2	1	6.4e-05
33	4	0.51562	2	3	6.4e-05
34	4	0.41323	2	4	6.4e-05
35	4	0.30711	2	5	6.4e-05
36	4	-0.50387	3	2	6.4e-05
37	4	-0.15896	3	4	6.4e-05
38	4	-0.40414	4	2	6.4e-05
39	4	0.16065	4	3	6.4e-05
40	4	-0.44937	4	5	6.4e-05
41	4	0.21472	4	7	6.4e-05
42	4	0.12333	4	9	6.4e-05
43	4	-0.53789	5	1	6.4e-05
44	4	-0.30217	5	2	6.4e-05
45	4	0.45211	5	4	6.4e-05
46	4	0.32421	5	6	6.4e-05
47	4	-0.32421	6	5	6.4e-05
48	4	0.050942	6	11	6.4e-05
49	4	0.059976	6	12	6.4e-05
50	4	0.13401	6	13	6.4e-05
51	4	-0.21472	7	4	6.4e-05
52	4	2.2745e-09	7	8	6.4e-05
53	4	0.21472	7	9	6.4e-05
54	4	-2.2745e-09	8	7	6.4e-05
55	4	-0.12333	9	4	6.4e-05
56	4	-0.21472	9	7	6.4e-05
57	4	0.041357	9	10	6.4e-05
58	4	0.072994	9	14	6.4e-05
59	4	-0.041249	10	9	6.4e-05
60	4	-0.026574	10	11	6.4e-05
61	4	-0.050717	11	6	6.4e-05
62	4	0.026626	11	10	6.4e-05
63	4	-0.059557	12	6	6.4e-05
64	4	0.010238	12	13	6.4e-05
65	4	-0.13284	13	6	6.4e-05
66	4	-0.010214	13	12	6.4e-05
67	4	0.038705	13	14	6.4e-05
68	4	-0.072253	14	9	6.4e-05
69	4	-0.038474	14	13	6.4e-05
70	5	-0.038561	1	2	6.4e-05
71	5	0.08685	1	5	6.4e-05
72	5	0.16559	2	1	6.4e-05
73	5	0.10934	2	3	6.4e-05
74	5	0.018651	2	4	6.4e-05
75	5	0.041923	2	5	6.4e-05
76	5	-0.013563	3	2	6.4e-05
77	5	-0.014241	3	4	6.4e-05
78	5	0.045324	4	2	6.4e-05
79	5	0.031794	4	3	6.4e-05
80	5	0.11653	4	5	6.4e-05
81	5	-0.2165	4	7	6.4e-05
82	5	-0.076796	4	9	6.4e-05
83	5	0.028014	5	1	6.4e-05
84	5	0.01027	5	2	6.4e-05
85	5	-0.10788	5	4	6.4e-05
86	5	-0.18243	5	6	6.4e-05
87	5	0.21333	6	5	6.4e-05
88	5	0.010718	6	11	6.4e-05
89	5	0.017534	6	12	6.4e-05
90	5	0.046399	6	13	6.4e-05
91	5	0.23462	7	4	6.4e-05
92	5	-0.13062	7	8	6.4e-05
93	5	0.018799	7	9	6.4e-05
94	5	0.13325	8	7	6.4e-05
95	5	0.087636	9	4	6.4e-05
96	5	-0.014322	9	7	6.4e-05
97	5	0.046258	9	10	6.4e-05
98	5	0.036223	9	14	6.4e-05
99	5	-0.045972	10	9	6.4e-05
100	5	0.0022638	10	11	6.4e-05
101	5	-0.010247	11	6	6.4e-05
102	5	-0.0021426	11	10	6.4e-05
103	5	-0.016662	12	6	6.4e-05
104	5	0.0037258	12	13	6.4e-05
105	5	-0.044111	13	6	6.4e-05
106	5	-0.0037046	13	12	6.4e-05
107	5	0.0029817	13	14	6.4e-05
108	5	-0.034645	14	9	6.4e-05
109	5	-0.0025116	14	13	6.4e-05
1	1	1	1	0	1e-06
2	2	1.6807	1	0	1e-05
3	2	0.11598	2	0	1e-05
4	2	-0.66348	3	0	1e-05
5	2	-0.33991	4	0	1e-05
6	2	-0.064917	5	0	1e-05
7	2	-0.079337	6	0	1e-05
8	2	-1.437e-07	7	0	1e-05
9	2	-2.3698e-09	8	0	1e-05
10	2	-0.22409	9	0	1e-05
11	2	-0.066815	10	0	1e-05
12	2	-0.025273	11	0	1e-05
13	2	-0.049148	12	0	1e-05
14	2	-0.10411	13	0	1e-05
15	2	-0.11008	14	0	1e-05
16	3	-0.064597	1	0	1e-05
17	3	0.15327	2	0	1e-05
18	3	-0.086162	3	0	1e-05
19	3	0.027735	4	0	1e-05
20	3	-0.013661	5	0	1e-05
21	3	-0.044229	6	0	1e-05
22	3	3.2025e-07	7	0	1e-05
23	3	0.13262	8	0	1e-05
24	3	0.090167	9	0	1e-05
25	3	-0.043059	10	0	1e-05
26	3	-0.012998	11	0	1e-05
27	3	-0.012891	12	0	1e-05
28	3	-0.04473	13	0	1e-05
29	3	-0.036938	14	0	1e-05
30	4	1.1322	1	2	6.4e-05
31	4	0.5485	1	5	6.4e-05
32	4	-1.11	2	1	6.4e-05
33	4	0.51359	2	3	6.4e-05
34	4	0.40838	2	4	6.4e-05
35	4	0.30406	2	5	6.4e-05
36	4	-0.50192	3	2	6.4e-05
37	4	-0.16156	3	4	6.4e-05
38	4	-0.3995	4	2	6.4e-05
39	4	0.1633	4	3	6.4e-05
40	4	-0.44197	4	5	6.4e-05
41	4	0.21486	4	7	6.4e-05
42	4	0.12341	4	9	6.4e-05
43	4	-0.53386	5	1	6.4e-05
44	4	-0.29921	5	2	6.4e-05
45	4	0.44463	5	4	6.4e-05
46	4	0.32352	5	6	6.4e-05
47	4	-0.32352	6	5	6.4e-05
48	4	0.051073	6	11	6.4e-05
49	4	0.059725	6	12	6.4e-05
50	4	0.13339	6	13	6.4e-05
51	4	-0.21486	7	4	6.4e-05
52	4	2.3698e-09	7	8	6.4e-05
53	4	0.21486	7	9	6.4e-05
54	4	-2.3698e-09	8	7	6.4e-05
55	4	-0.12341	9	4	6.4e-05
56	4	-0.21486	9	7	6.4e-05
57	4	0.041396	9	10	6.4e-05
58	4	0.072778	9	14	6.4e-05
59	4	-0.041289	10	9	6.4e-05
60	4	-0.025526	10	11	6.4e-05
61	4	-0.050847	11	6	6.4e-05
62	4	0.025574	11	10	6.4e-05
63	4	-0.05931	12	6	6.4e-05
64	4	0.010162	12	13	6.4e-05
65	4	-0.13224	13	6	6.4e-05
66	4	-0.010139	13	12	6.4e-05
67	4	0.038261	13	14	6.4e-05
68	4	-0.072041	14	9	6.4e-05
69	4	-0.038035	14	13	6.4e-05
70	5	-0.036856	1	2	6.4e-05
71	5	0.086866	1	5	6.4e-05
72	5	0.16309	2	1	6.4e-05
73	5	0.10963	2	3	6.4e-05
74	5	0.018864	2	4	6.4e-05
75	5	0.042091	2	5	6.4e-05
76	5	-0.014221	3	2	6.4e-05
77	5	-0.014203	3	4	6.4e-05
78	5	0.044473	4	2	6.4e-05
79	5	0.031898	4	3	6.4e-05
80	5	0.11558	4	5	6.4e-05
81	5	-0.21615	4	7	6.4e-05
82	5	-0.076704	4	9	6.4e-05
83	5	0.027074	5	1	6.4e-05
84	5	0.0098103	5	2	6.4e-05
85	5	-0.10721	5	4	6.4e-05
86	5	-0.182	5	6	6.4e-05
87	5	0.21276	6	5	6.4e-05
88	5	0.010835	6	11	6.4e-05
89	5	0.017461	6	12	6.4e-05
90	5	0.046167	6	13	6.4e-05
91	5	0.23425	7	4	6.4e-05
92	5	-0.13001	7	8	6.4e-05
93	5	0.018589	7	9	6.4e-05
94	5	0.13262	8	7	6.4e-05
95	5	0.087543	9	4	6.4e-05
96	5	-0.014108	9	7	6.4e-05
97	5	0.046092	9	10	6.4e-05
98	5	0.036112	9	14	6.4e-05
99	5	-0.045807	10	9	6.4e-05
100	5	0.0027481	10	11	6.4e-05
101	5	-0.010362	11	6	6.4e-05
102	5	-0.0026359	11	10	6.4e-05
103	5	-0.016596	12	6	6.4e-05
104	5	0.0037045	12	13	6.4e-05
105	5	-0.0439	13	6	6.4e-05
106	5	-0.0036836	13	12	6.4e-05
107	5	0.0028532	13	14	6.4e-05
108	5	-0.034544	14	9	6.4e-05
109	5	-0.002394	14	13	6.4e-05
1	1	1	1	0	1e-06
2	2	1.6874	1	0	1e-05
3	2	0.11851	2	0	1e-05
4	2	-0.66136	3	0	1e-05
5	2	-0.3509	4	0	1e-05
6	2	-0.062933	5	0	1e-05
7	2	-0.080242	6	0	1e-05
8	2	-1.4511e-07	7	0	1e-05
9	2	-2.2873e-09	8	0	1e-05
10	2	-0.22386	9	0	1e-05
11	2	-0.068048	10	0	1e-05
12	2	-0.024656	11	0	1e-05
13	2	-0.049301	12	0	1e-05
14	2	-0.10414	13	0	1e-05
15	2	-0.11031	14	0	1e-05
16	3	-0.065585	1	0	1e-05
17	3	0.15444	2	0	1e-05
18	3	-0.086289	3	0	1e-05
19	3	0.028632	4	0	1e-05
20	3	-0.013244	5	0	1e-05
21	3	-0.043417	6	0	1e-05
22	3	3.0984e-07	7	0	1e-05
23	3	0.13317	8	0	1e-05
24	3	0.090248	9	0	1e-05
25	3	-0.043853	10	0	1e-05
26	3	-0.01268	11	0	1e-05
27	3	-0.012931	12	0	1e-05
28	3	-0.044743	13	0	1e-05
29	3	-0.037016	14	0	1e-05
30	4	1.1361	1	2	6.4e-05
31	4	0.55129	1	5	6.4e-05
32	4	-1.1137	2	1	6.4e-05
33	4	0.5142	2	3	6.4e-05
34	4	0.41183	2	4	6.4e-05
35	4	0.30621	2	5	6.4e-05
36	4	-0.50251	3	2	6.4e-05
37	4	-0.15885	3	4	6.4e-05
38	4	-0.40281	4	2	6.4e-05
39	4	0.16054	4	3	6.4e-05
40	4	-0.44733	4	5	6.4e-05
41	4	0.21513	4	7	6.4e-05
42	4	0.12356	4	9	6.4e-05
43	4	-0.5365	5	1	6.4e-05
44	4	-0.30129	5	2	6.4e-05
45	4	0.45004	5	4	6.4e-05
46	4	0.32482	5	6	6.4e-05
47	4	-0.32482	6	5	6.4e-05
48	4	0.051093	6	11	6.4e-05
49	4	0.059865	6	12	6.4e-05
50	4	0.13362	6	13	6.4e-05
51	4	-0.21513	7	4	6.4e-05
52	4	2.2873e-09	7	8	6.4e-05
53	4	0.21513	7	9	6.4e-05
54	4	-2.2873e-09	8	7	6.4e-05
55	4	-0.12356	9	4	6.4e-05
56	4	-0.21513	9	7	6.4e-05
57	4	0.041997	9	10	6.4e-05
58	4	0.072832	9	14	6.4e-05
59	4	-0.041887	10	9	6.4e-05
60	4	-0.026161	10	11	6.4e-05
61	4	-0.050867	11	6	6.4e-05
62	4	0.026211	11	10	6.4e-05
63	4	-0.059447	12	6	6.4e-05
64	4	0.010147	12	13	6.4e-05
65	4	-0.13246	13	6	6.4e-05
66	4	-0.010124	13	12	6.4e-05
67	4	0.038441	13	14	6.4e-05
68	4	-0.072094	14	9	6.4e-05
69	4	-0.038214	14	13	6.4e-05
70	5	-0.037857	1	2	6.4e-05
71	5	0.086879	1	5	6.4e-05
72	5	0.16456	2	1	6.4e-05
73	5	0.10954	2	3	6.4e-05
74	5	0.018773	2	4	6.4e-05
75	5	0.041969	2	5	6.4e-05
76	5	-0.014023	3	2	6.4e-05
77	5	-0.014528	3	4	6.4e-05
78	5	0.045017	4	2	6.4e-05
79	5	0.032078	4	3	6.4e-05
80	5	0.116	4	5	6.4e-05
81	5	-0.21635	4	7	6.4e-05
82	5	-0.076721	4	9	6.4e-05
83	5	0.027666	5	1	6.4e-05
84	5	0.010137	5	2	6.4e-05
85	5	-0.10743	5	4	6.4e-05
86	5	-0.18224	5	6	6.4e-05
87	5	0.21322	6	5	6.4e-05
88	5	0.010982	6	11	6.4e-05
89	5	0.017525	6	12	6.4e-05
90	5	0.046314	6	13	6.4e-05
91	5	0.23449	7	4	6.4e-05
92	5	-0.13054	7	8	6.4e-05
93	5	0.018857	7	9	6.4e-05
94	5	0.13317	8	7	6.4e-05
95	5	0.087585	9	4	6.4e-05
96	5	-0.014363	9	7	6.4e-05
97	5	0.046434	9	10	6.4e-05
98	5	0.036051	9	14	6.4e-05
99	5	-0.046143	10	9	6.4e-05
100	5	0.0022898	10	11	6.4e-05
101	5	-0.010508	11	6	6.4e-05
102	5	-0.0021723	11	10	6.4e-05
103	5	-0.016656	12	6	6.4e-05
104	5	0.0037245	12	13	6.4e-05
105	5	-0.044038	13	6	6.4e-05
106	5	-0.0037037	13	12	6.4e-05
107	5	0.0029985	13	14	6.4e-05
108	5	-0.034482	14	9	6.4e-05
109	5	-0.0025347	14	13	6.4e-05
1	1	1	1	0	1e-06
2	2	1.6754	1	0	1e-05
3	2	0.11682	2	0	1e-05
4	2	-0.65973	3	0	1e-05
5	2	-0.33911	4	0	1e-05
6	2	-0.064486	5	0	1e-05
7	2	-0.080355	6	0	1e-05
8	2	-1.3613e-07	7	0	1e-05
9	2	-2.3614e-09	8	0	1e-05
10	2	-0.22407	9	0	1e-05
11	2	-0.067783	10	0	1e-05
12	2	-0.025242	11	0	1e-05
13	2	-0.048382	12	0	1e-05
14	2	-0.10378	13	0	1e-05
15	2	-0.11011	14	0	1e-05
16	3	-0.063388	1	0	1e-05
17	3	0.15227	2	0	1e-05
18	3	-0.087537	3	0	1e-05
19	3	0.02767	4	0	1e-05
20	3	-0.01357	5	0	1e-05
21	3	-0.044293	6	0	1e-05
22	3	3.1561e-07	7	0	1e-05
23	3	0.13279	8	0	1e-05
24	3	0.090157	9	0	1e-05
25	3	-0.043683	10	0	1e-05
26	3	-0.012981	11	0	1e-05
27	3	-0.01269	12	0	1e-05
28	3	-0.044586	13	0	1e-05
29	3	-0.036951	14	0	1e-05
30	4	1.1282	1	2	6.4e-05
31	4	0.54718	1	5	6.4e-05
32	4	-1.1062	2	1	6.4e-05
33	4	0.5114	2	3	6.4e-05
34	4	0.40779	2	4	6.4e-05
35	4	0.30379	2	5	6.4e-05
36	4	-0.49983	3	2	6.4e-05
37	4	-0.1599	3	4	6.4e-05
38	4	-0.39894	4	2	6.4e-05
39	4	0.16161	4	3	6.4e-05
40	4	-0.44066	4	5	6.4e-05
41	4	0.21525	4	7	6.4e-05
42	4	0.12363	4	9	6.4e-05
43	4	-0.53261	5	1	6.4e-05
44	4	-0.29895	5	2	6.4e-05
45	4	0.4433	5	4	6.4e-05
46	4	0.32378	5	6	6.4e-05
47	4	-0.32378	6	5	6.4e-05
48	4	0.051272	6	11	6.4e-05
49	4	0.059228	6	12	6.4e-05
50	4	0.13292	6	13	6.4e-05
51	4	-0.21525	7	4	6.4e-05
52	4	2.3614e-09	7	8	6.4e-05
53	4	0.21525	7	9	6.4e-05
54	4	-2.3614e-09	8	7	6.4e-05
55	4	-0.12363	9	4	6.4e-05
56	4	-0.21525	9	7	6.4e-05
57	4	0.04214	9	10	6.4e-05
58	4	0.072664	9	14	6.4e-05
59	4	-0.04203	10	9	6.4e-05
60	4	-0.025753	10	11	6.4e-05
61	4	-0.051044	11	6	6.4e-05
62	4	0.025802	11	10	6.4e-05
63	4	-0.05882	12	6	6.4e-05
64	4	0.010437	12	13	6.4e-05
65	4	-0.13178	13	6	6.4e-05
66	4	-0.010413	13	12	6.4e-05
67	4	0.038413	13	14	6.4e-05
68	4	-0.071929	14	9	6.4e-05
69	4	-0.038185	14	13	6.4e-05
70	5	-0.035804	1	2	6.4e-05
71	5	0.087023	1	5	6.4e-05
72	5	0.16155	2	1	6.4e-05
73	5	0.10994	2	3	6.4e-05
74	5	0.019044	2	4	6.4e-05
75	5	0.042147	2	5	6.4e-05
76	5	-0.014926	3	2	6.4e-05
77	5	-0.014873	3	4	6.4e-05
78	5	0.044215	4	2	6.4e-05
79	5	0.032483	4	3	6.4e-05
80	5	0.11494	4	5	6.4e-05
81	5	-0.21602	4	7	6.4e-05
82	5	-0.076594	4	9	6.4e-05
83	5	0.026634	5	1	6.4e-05
84	5	0.0097288	5	2	6.4e-05
85	5	-0.10662	5	4	6.4e-05
86	5	-0.18197	5	6	6.4e-05
87	5	0.21277	6	5	6.4e-05
88	5	0.011037	6	11	6.4e-05
89	5	0.017273	6	12	6.4e-05
90	5	0.046084	6	13	6.4e-05
91	5	0.23414	7	4	6.4e-05
92	5	-0.13018	7	8	6.4e-05
93	5	0.018861	7	9	6.4e-05
94	5	0.13279	8	7	6.4e-05
95	5	0.087453	9	4	6.4e-05
96	5	-0.014363	9	7	6.4e-05
97	5	0.046512	9	10	6.4e-05
98	5	0.03602	9	14	6.4e-05
99	5	-0.046219	10	9	6.4e-05
100	5	0.0025365	10	11	6.4e-05
101	5	-0.010559	11	6	6.4e-05
102	5	-0.0024224	11	10	6.4e-05
103	5	-0.016423	12	6	6.4e-05
104	5	0.0037325	12	13	6.4e-05
105	5	-0.043832	13	6	6.4e-05
106	5	-0.0037106	13	12	6.4e-05
107	5	0.0029566	13	14	6.4e-05
108	5	-0.034458	14	9	6.4e-05
109	5	-0.0024936	14	13	6.4e-05
1	1	1	1	0	1e-06
2	2	1.6837	1	0	1e-05
3	2	0.12041	2	0	1e-05
4	2	-0.66193	3	0	1e-05
5	2	-0.34957	4	0	1e-05
6	2	-0.063514	5	0	1e-05
7	2	-0.079394	6	0	1e-05
8	2	-1.4038e-07	7	0	1e-05
9	2	-2.2863e-09	8	0	1e-05
10	2	-0.22547	9	0	1e-05
11	2	-0.067431	10	0	1e-05
12	2	-0.024154	11	0	1e-05
13	2	-0.048914	12	0	1e-05
14	2	-0.10371	13	0	1e-05
15	2	-0.11014	14	0	1e-05
16	3	-0.064832	1	0	1e-05
17	3	0.15346	2	0	1e-05
18	3	-0.086123	3	0	1e-05
19	3	0.028523	4	0	1e-05
20	3	-0.013366	5	0	1e-05
21	3	-0.044187	6	0	1e-05
22	3	3.1041e-07	7	0	1e-05
23	3	0.13334	8	0	1e-05
24	3	0.089316	9	0	1e-05
25	3	-0.043456	10	0	1e-05
26	3	-0.012422	11	0	1e-05
27	3	-0.01283	12	0	1e-05
28	3	-0.044555	13	0	1e-05
29	3	-0.03696	14	0	1e-05
30	4	1.1334	1	2	6.4e-05
31	4	0.55032	1	5	6.4e-05
32	4	-1.1112	2	1	6.4e-05
33	4	0.51428	2	3	6.4e-05
34	4	0.4114	2	4	6.4e-05
35	4	0.30591	2	5	6.4e-05
36	4	-0.50258	3	2	6.4e-05
37	4	-0.15935	3	4	6.4e-05
38	4	-0.40239	4	2	6.4e-05
39	4	0.16104	4	3	6.4e-05
40	4	-0.44679	4	5	6.4e-05
41	4	0.21505	4	7	6.4e-05
42	4	0.12351	4	9	6.4e-05
43	4	-0.53559	5	1	6.4e-05
44	4	-0.301	5	2	6.4e-05
45	4	0.4495	5	4	6.4e-05
46	4	0.32358	5	6	6.4e-05
47	4	-0.32358	6	5	6.4e-05
48	4	0.05119	6	11	6.4e-05
49	4	0.059608	6	12	6.4e-05
50	4	0.13339	6	13	6.4e-05
51	4	-0.21505	7	4	6.4e-05
52	4	2.2863e-09	7	8	6.4e-05
53	4	0.21505	7	9	6.4e-05
54	4	-2.2863e-09	8	7	6.4e-05
55	4	-0.12351	9	4	6.4e-05
56	4	-0.21505	9	7	6.4e-05
57	4	0.040781	9	10	6.4e-05
58	4	0.072314	9	14	6.4e-05
59	4	-0.040675	10	9	6.4e-05
60	4	-0.026756	10	11	6.4e-05
61	4	-0.050963	11	6	6.4e-05
62	4	0.026809	11	10	6.4e-05
63	4	-0.059194	12	6	6.4e-05
64	4	0.01028	12	13	6.4e-05
65	4	-0.13224	13	6	6.4e-05
66	4	-0.010256	13	12	6.4e-05
67	4	0.038788	13	14	6.4e-05
68	4	-0.071584	14	9	6.4e-05
69	4	-0.038556	14	13	6.4e-05
70	5	-0.037165	1	2	6.4e-05
71	5	0.086941	1	5	6.4e-05
72	5	0.16354	2	1	6.4e-05
73	5	0.10953	2	3	6.4e-05
74	5	0.018817	2	4	6.4e-05
75	5	0.041973	2	5	6.4e-05
76	5	-0.013997	3	2	6.4e-05
77	5	-0.014388	3	4	6.4e-05
78	5	0.044915	4	2	6.4e-05
79	5	0.031964	4	3	6.4e-05
80	5	0.11577	4	5	6.4e-05
81	5	-0.21616	4	7	6.4e-05
82	5	-0.076578	4	9	6.4e-05
83	5	0.027395	5	1	6.4e-05
84	5	0.010105	5	2	6.4e-05
85	5	-0.10722	5	4	6.4e-05
86	5	-0.18228	5	6	6.4e-05
87	5	0.21307	6	5	6.4e-05
88	5	0.010708	6	11	6.4e-05
89	5	0.017387	6	12	6.4e-05
90	5	0.046103	6	13	6.4e-05
91	5	0.23428	7	4	6.4e-05
92	5	-0.13071	7	8	6.4e-05
93	5	0.019227	7	9	6.4e-05
94	5	0.13334	8	7	6.4e-05
95	5	0.087424	9	4	6.4e-05
96	5	-0.014735	9	7	6.4e-05
97	5	0.046049	9	10	6.4e-05
98	5	0.036027	9	14	6.4e-05
99	5	-0.045768	10	9	6.4e-05
100	5	0.0023125	10	11	6.4e-05
101	5	-0.010232	11	6	6.4e-05
102	5	-0.0021896	11	10	6.4e-05
103	5	-0.016526	12	6	6.4e-05
104	5	0.0036962	12	13	6.4e-05
105	5	-0.043836	13	6	6.4e-05
106	5	-0.003675	13	12	6.4e-05
107	5	0.0029564	13	14	6.4e-05
108	5	-0.034476	14	9	6.4e-05
109	5	-0.0024843	14	13	6.4e-05
1	1	1	1	0	1e-06
2	2	1.6837	1	0	1e-05
3	2	0.12008	2	0	1e-05
4	2	-0.66226	3	0	1e-05
5	2	-0.34986	4	0	1e-05
6	2	-0.06346	5	0	1e-05
7	2	-0.078941	6	0	1e-05
8	2	-1.3274e-07	7	0	1e-05
9	2	-2.2592e-09	8	0	1e-05
10	2	-0.22618	9	0	1e-05
11	2	-0.068272	10	0	1e-05
12	2	-0.023924	11	0	1e-05
13	2	-0.047833	12	0	1e-05
14	2	-0.10304	13	0	1e-05
15	2	-0.11012	14	0	1e-05
16	3	-0.06486	1	0	1e-05
17	3	0.15364	2	0	1e-05
18	3	-0.085919	3	0	1e-05
19	3	0.028547	4	0	1e-05
20	3	-0.013354	5	0	1e-05
21	3	-0.044801	6	0	1e-05
22	3	3.0733e-07	7	0	1e-05
23	3	0.13371	8	0	1e-05
24	3	0.088871	9	0	1e-05
25	3	-0.043998	10	0	1e-05
26	3	-0.012304	11	0	1e-05
27	3	-0.012546	12	0	1e-05
28	3	-0.044269	13	0	1e-05
29	3	-0.036954	14	0	1e-05
30	4	1.1336	1	2	6.4e-05
31	4	0.55016	1	5	6.4e-05
32	4	-1.1113	2	1	6.4e-05
33	4	0.51441	2	3	6.4e-05
34	4	0.41132	2	4	6.4e-05
35	4	0.30567	2	5	6.4e-05
36	4	-0.50271	3	2	6.4e-05
37	4	-0.15955	3	4	6.4e-05
38	4	-0.40231	4	2	6.4e-05
39	4	0.16125	4	3	6.4e-05
40	4	-0.44745	4	5	6.4e-05
41	4	0.21511	4	7	6.4e-05
42	4	0.12354	4	9	6.4e-05
43	4	-0.53543	5	1	6.4e-05
44	4	-0.30077	5	2	6.4e-05
45	4	0.45016	5	4	6.4e-05
46	4	0.32258	5	6	6.4e-05
47	4	-0.32258	6	5	6.4e-05
48	4	0.051834	6	11	6.4e-05
49	4	0.058934	6	12	6.4e-05
50	4	0.13287	6	13	6.4e-05
51	4	-0.21511	7	4	6.4e-05
52	4	2.2592e-09	7	8	6.4e-05
53	4	0.21511	7	9	6.4e-05
54	4	-2.2592e-09	8	7	6.4e-05
55	4	-0.12354	9	4	6.4e-05
56	4	-0.21511	9	7	6.4e-05
57	4	0.040757	9	10	6.4e-05
58	4	0.07172	9	14	6.4e-05
59	4	-0.04065	10	9	6.4e-05
60	4	-0.027622	10	11	6.4e-05
61	4	-0.051602	11	6	6.4e-05
62	4	0.027678	11	10	6.4e-05
63	4	-0.05853	12	6	6.4e-05
64	4	0.010697	12	13	6.4e-05
65	4	-0.13173	13	6	6.4e-05
66	4	-0.010672	13	12	6.4e-05
67	4	0.039359	13	14	6.4e-05
68	4	-0.071001	14	9	6.4e-05
69	4	-0.03912	14	13	6.4e-05
70	5	-0.037202	1	2	6.4e-05
71	5	0.086949	1	5	6.4e-05
72	5	0.1636	2	1	6.4e-05
73	5	0.10951	2	3	6.4e-05
74	5	0.018914	2	4	6.4e-05
75	5	0.042024	2	5	6.4e-05
76	5	-0.013954	3	2	6.4e-05
77	5	-0.014226	3	4	6.4e-05
78	5	0.044807	4	2	6.4e-05
79	5	0.031812	4	3	6.4e-05
80	5	0.11561	4	5	6.4e-05
81	5	-0.21592	4	7	6.4e-05
82	5	-0.076369	4	9	6.4e-05
83	5	0.027352	5	1	6.4e-05
84	5	0.01003	5	2	6.4e-05
85	5	-0.10704	5	4	6.4e-05
86	5	-0.18233	5	6	6.4e-05
87	5	0.21299	6	5	6.4e-05
88	5	0.010741	6	11	6.4e-05
89	5	0.017081	6	12	6.4e-05
90	5	0.045844	6	13	6.4e-05
91	5	0.23402	7	4	6.4e-05
92	5	-0.13106	7	8	6.4e-05
93	5	0.019826	7	9	6.4e-05
94	5	0.13371	8	7	6.4e-05
95	5	0.087202	9	4	6.4e-05
96	5	-0.015328	9	7	6.4e-05
97	5	0.046462	9	10	6.4e-05
98	5	0.035971	9	14	6.4e-05
99	5	-0.046178	10	9	6.4e-05
100	5	0.0021806	10	11	6.4e-05
101	5	-0.010254	11	6	6.4e-05
102	5	-0.0020497	11	10	6.4e-05
103	5	-0.01624	12	6	6.4e-05
104	5	0.0036937	12	13	6.4e-05
105	5	-0.043596	13	6	6.4e-05
106	5	-0.0036709	13	12	6.4e-05
107	5	0.0029987	13	14	6.4e-05
108	5	-0.034441	14	9	6.4e-05
109	5	-0.0025127	14	13	6.4e-05
1	1	1	1	0	1e-06
2	2	1.672	1	0	1e-05
3	2	0.11871	2	0	1e-05
4	2	-0.6537	3	0	1e-05
5	2	-0.34824	4	0	1e-05
6	2	-0.064067	5	0	1e-05
7	2	-0.077866	6	0	1e-05
8	2	-1.3962e-07	7	0	1e-05
9	2	-2.3671e-09	8	0	1e-05
10	2	-0.22589	9	0	1e-05
11	2	-0.066959	10	0	1e-05
12	2	-0.024008	11	0	1e-05
13	2	-0.049184	12	0	1e-05
14	2	-0.10232	13	0	1e-05
15	2	-0.10959	14	0	1e-05
16	3	-0.062528	1	0	1e-05
17	3	0.15151	2	0	1e-05
18	3	-0.089508	3	0	1e-05
19	3	0.028415	4	0	1e-05
20	3	-0.013482	5	0	1e-05
21	3	-0.045617	6	0	1e-05
22	3	3.2388e-07	7	0	1e-05
23	3	0.13313	8	0	1e-05
24	3	0.089098	9	0	1e-05
25	3	-0.043151	10	0	1e-05
26	3	-0.012347	11	0	1e-05
27	3	-0.012901	12	0	1e-05
28	3	-0.043958	13	0	1e-05
29	3	-0.036776	14	0	1e-05
30	4	1.1253	1	2	6.4e-05
31	4	0.54673	1	5	6.4e-05
32	4	-1.1034	2	1	6.4e-05
33	4	0.50891	2	3	6.4e-05
34	4	0.40893	2	4	6.4e-05
35	4	0.30422	2	5	6.4e-05
36	4	-0.49744	3	2	6.4e-05
37	4	-0.15626	3	4	6.4e-05
38	4	-0.40003	4	2	6.4e-05
39	4	0.1579	4	3	6.4e-05
40	4	-0.4436	4	5	6.4e-05
41	4	0.21437	4	7	6.4e-05
42	4	0.12313	4	9	6.4e-05
43	4	-0.53219	5	1	6.4e-05
44	4	-0.29937	5	2	6.4e-05
45	4	0.44628	5	4	6.4e-05
46	4	0.32122	5	6	6.4e-05
47	4	-0.32122	6	5	6.4e-05
48	4	0.05133	6	11	6.4e-05
49	4	0.059494	6	12	6.4e-05
50	4	0.13253	6	13	6.4e-05
51	4	-0.21437	7	4	6.4e-05
52	4	2.3671e-09	7	8	6.4e-05
53	4	0.21437	7	9	6.4e-05
54	4	-2.3671e-09	8	7	6.4e-05
55	4	-0.12313	9	4	6.4e-05
56	4	-0.21437	9	7	6.4e-05
57	4	0.040022	9	10	6.4e-05
58	4	0.071592	9	14	6.4e-05
59	4	-0.039918	10	9	6.4e-05
60	4	-0.027041	10	11	6.4e-05
61	4	-0.051102	11	6	6.4e-05
62	4	0.027094	11	10	6.4e-05
63	4	-0.059082	12	6	6.4e-05
64	4	0.0098977	12	13	6.4e-05
65	4	-0.13139	13	6	6.4e-05
66	4	-0.0098759	13	12	6.4e-05
67	4	0.038952	13	14	6.4e-05
68	4	-0.070875	14	9	6.4e-05
69	4	-0.038718	14	13	6.4e-05
70	5	-0.035041	1	2	6.4e-05
71	5	0.08712	1	5	6.4e-05
72	5	0.16043	2	1	6.4e-05
73	5	0.11029	2	3	6.4e-05
74	5	0.019105	2	4	6.4e-05
75	5	0.042079	2	5	6.4e-05
76	5	-0.015731	3	2	6.4e-05
77	5	-0.01604	3	4	6.4e-05
78	5	0.044303	4	2	6.4e-05
79	5	0.033465	4	3	6.4e-05
80	5	0.11466	4	5	6.4e-05
81	5	-0.21607	4	7	6.4e-05
82	5	-0.076565	4	9	6.4e-05
83	5	0.026442	5	1	6.4e-05
84	5	0.0098381	5	2	6.4e-05
85	5	-0.10624	5	4	6.4e-05
86	5	-0.18219	5	6	6.4e-05
87	5	0.21263	6	5	6.4e-05
88	5	0.010401	6	11	6.4e-05
89	5	0.017332	6	12	6.4e-05
90	5	0.045475	6	13	6.4e-05
91	5	0.23413	7	4	6.4e-05
92	5	-0.1305	7	8	6.4e-05
93	5	0.019185	7	9	6.4e-05
94	5	0.13313	8	7	6.4e-05
95	5	0.087359	9	4	6.4e-05
96	5	-0.014721	9	7	6.4e-05
97	5	0.045976	9	10	6.4e-05
98	5	0.03594	9	14	6.4e-05
99	5	-0.0457	10	9	6.4e-05
100	5	0.0025482	10	11	6.4e-05
101	5	-0.0099243	11	6	6.4e-05
102	5	-0.0024225	11	10	6.4e-05
103	5	-0.016474	12	6	6.4e-05
104	5	0.0035736	12	13	6.4e-05
105	5	-0.043241	13	6	6.4e-05
106	5	-0.0035539	13	12	6.4e-05
107	5	0.0028372	13	14	6.4e-05
108	5	-0.034415	14	9	6.4e-05
109	5	-0.0023615	14	13	6.4e-05
1	1	1	1	0	1e-06
2	2	1.6658	1	0	1e-05
3	2	0.11617	2	0	1e-05
4	2	-0.65973	3	0	1e-05
5	2	-0.33672	4	0	1e-05
6	2	-0.063905	5	0	1e-05
7	2	-0.07764	6	0	1e-05
8	2	-1.4524e-07	7	0	1e-05
9	2	-2.4961e-09	8	0	1e-05
10	2	-0.22291	9	0	1e-05
11	2	-0.067863	10	0	1e-05
12	2	-0.025074	11	0	1e-05
13	2	-0.048346	12	0	1e-05
14	2	-0.10243	13	0	1e-05
15	2	-0.10892	14	0	1e-05
16	3	-0.062016	1	0	1e-05
17	3	0.14985	2	0	1e-05
18	3	-0.088282	3	0	1e-05
19	3	0.027475	4	0	1e-05
20	3	-0.013447	5	0	1e-05
21	3	-0.046769	6	0	1e-05
22	3	3.4573e-07	7	0	1e-05
23	3	0.13212	8	0	1e-05
24	3	0.090866	9	0	1e-05
25	3	-0.043734	10	0	1e-05
26	3	-0.012895	11	0	1e-05
27	3	-0.012681	12	0	1e-05
28	3	-0.044006	13	0	1e-05
29	3	-0.036549	14	0	1e-05
30	4	1.1222	1	2	6.4e-05
31	4	0.54363	1	5	6.4e-05
32	4	-1.1004	2	1	6.4e-05
33	4	0.51007	2	3	6.4e-05
34	4	0.40508	2	4	6.4e-05
35	4	0.30139	2	5	6.4e-05
36	4	-0.49855	3	2	6.4e-05
37	4	-0.16118	3	4	6.4e-05
38	4	-0.39635	4	2	6.4e-05
39	4	0.16292	4	3	6.4e-05
40	4	-0.4394	4	5	6.4e-05
41	4	0.21349	4	7	6.4e-05
42	4	0.12263	4	9	6.4e-05
43	4	-0.52925	5	1	6.4e-05
44	4	-0.29663	5	2	6.4e-05
45	4	0.44202	5	4	6.4e-05
46	4	0.31995	5	6	6.4e-05
47	4	-0.31995	6	5	6.4e-05
48	4	0.051589	6	11	6.4e-05
49	4	0.058895	6	12	6.4e-05
50	4	0.13182	6	13	6.4e-05
51	4	-0.21349	7	4	6.4e-05
52	4	2.4961e-09	7	8	6.4e-05
53	4	0.21349	7	9	6.4e-05
54	4	-2.4961e-09	8	7	6.4e-05
55	4	-0.12263	9	4	6.4e-05
56	4	-0.21349	9	7	6.4e-05
57	4	0.04174	9	10	6.4e-05
58	4	0.071464	9	14	6.4e-05
59	4	-0.04163	10	9	6.4e-05
60	4	-0.026234	10	11	6.4e-05
61	4	-0.051359	11	6	6.4e-05
62	4	0.026285	11	10	6.4e-05
63	4	-0.058491	12	6	6.4e-05
64	4	0.010144	12	13	6.4e-05
65	4	-0.1307	13	6	6.4e-05
66	4	-0.010122	13	12	6.4e-05
67	4	0.038394	13	14	6.4e-05
68	4	-0.070749	14	9	6.4e-05
69	4	-0.038167	14	13	6.4e-05
70	5	-0.034231	1	2	6.4e-05
71	5	0.086822	1	5	6.4e-05
72	5	0.15925	2	1	6.4e-05
73	5	0.11013	2	3	6.4e-05
74	5	0.018907	2	4	6.4e-05
75	5	0.041969	2	5	6.4e-05
76	5	-0.015357	3	2	6.4e-05
77	5	-0.015188	3	4	6.4e-05
78	5	0.044002	4	2	6.4e-05
79	5	0.032871	4	3	6.4e-05
80	5	0.11455	4	5	6.4e-05
81	5	-0.21595	4	7	6.4e-05
82	5	-0.076673	4	9	6.4e-05
83	5	0.026069	5	1	6.4e-05
84	5	0.0096791	5	2	6.4e-05
85	5	-0.10628	5	4	6.4e-05
86	5	-0.18165	5	6	6.4e-05
87	5	0.21186	6	5	6.4e-05
88	5	0.0105	6	11	6.4e-05
89	5	0.017097	6	12	6.4e-05
90	5	0.045232	6	13	6.4e-05
91	5	0.23391	7	4	6.4e-05
92	5	-0.12953	7	8	6.4e-05
93	5	0.018466	7	9	6.4e-05
94	5	0.13212	8	7	6.4e-05
95	5	0.087408	9	4	6.4e-05
96	5	-0.014042	9	7	6.4e-05
97	5	0.047023	9	10	6.4e-05
98	5	0.03596	9	14	6.4e-05
99	5	-0.04673	10	9	6.4e-05
100	5	0.0029953	10	11	6.4e-05
101	5	-0.010019	11	6	6.4e-05
102	5	-0.0028766	11	10	6.4e-05
103	5	-0.016257	12	6	6.4e-05
104	5	0.0035758	12	13	6.4e-05
105	5	-0.043022	13	6	6.4e-05
106	5	-0.0035552	13	12	6.4e-05
107	5	0.0025707	13	14	6.4e-05
108	5	-0.03444	14	9	6.4e-05
109	5	-0.002109	14	13	6.4e-05
1	1	1	1	0	1e-06
2	2	1.6621	1	0	1e-05
3	2	0.11914	2	0	1e-05
4	2	-0.6568	3	0	1e-05
5	2	-0.33873	4	0	1e-05
6	2	-0.064108	5	0	1e-05
7	2	-0.078534	6	0	1e-05
8	2	-1.5289e-07	7	0	1e-05
9	2	-2.5223e-09	8	0	1e-05
10	2	-0.223	9	0	1e-05
11	2	-0.066487	10	0	1e-05
12	2	-0.024196	11	0	1e-05
13	2	-0.049094	12	0	1e-05
14	2	-0.10244	13	0	1e-05
15	2	-0.10967	14	0	1e-05
16	3	-0.061049	1	0	1e-05
17	3	0.14864	2	0	1e-05
18	3	-0.089353	3	0	1e-05
19	3	0.027639	4	0	1e-05
20	3	-0.01349	5	0	1e-05
21	3	-0.046825	6	0	1e-05
22	3	3.4918e-07	7	0	1e-05
23	3	0.13186	8	0	1e-05
24	3	0.090858	9	0	1e-05
25	3	-0.042847	10	0	1e-05
26	3	-0.012444	11	0	1e-05
27	3	-0.012877	12	0	1e-05
28	3	-0.044011	13	0	1e-05
29	3	-0.036802	14	0	1e-05
30	4	1.1189	1	2	6.4e-05
31	4	0.54323	1	5	6.4e-05
32	4	-1.0972	2	1	6.4e-05
33	4	0.50881	2	3	6.4e-05
34	4	0.40557	2	4	6.4e-05
35	4	0.302	2	5	6.4e-05
36	4	-0.49735	3	2	6.4e-05
37	4	-0.15945	3	4	6.4e-05
38	4	-0.39682	4	2	6.4e-05
39	4	0.16115	4	3	6.4e-05
40	4	-0.43895	4	5	6.4e-05
41	4	0.21335	4	7	6.4e-05
42	4	0.12255	4	9	6.4e-05
43	4	-0.52887	5	1	6.4e-05
44	4	-0.29721	5	2	6.4e-05
45	4	0.44157	5	4	6.4e-05
46	4	0.32041	5	6	6.4e-05
47	4	-0.32041	6	5	6.4e-05
48	4	0.050421	6	11	6.4e-05
49	4	0.059339	6	12	6.4e-05
50	4	0.13211	6	13	6.4e-05
51	4	-0.21335	7	4	6.4e-05
52	4	2.5223e-09	7	8	6.4e-05
53	4	0.21335	7	9	6.4e-05
54	4	-2.5223e-09	8	7	6.4e-05
55	4	-0.12255	9	4	6.4e-05
56	4	-0.21335	9	7	6.4e-05
57	4	0.040636	9	10	6.4e-05
58	4	0.072265	9	14	6.4e-05
59	4	-0.04053	10	9	6.4e-05
60	4	-0.025956	10	11	6.4e-05
61	4	-0.050202	11	6	6.4e-05
62	4	0.026006	11	10	6.4e-05
63	4	-0.058929	12	6	6.4e-05
64	4	0.0098353	12	13	6.4e-05
65	4	-0.13099	13	6	6.4e-05
66	4	-0.0098138	13	12	6.4e-05
67	4	0.038361	13	14	6.4e-05
68	4	-0.071536	14	9	6.4e-05
69	4	-0.038134	14	13	6.4e-05
70	5	-0.033381	1	2	6.4e-05
71	5	0.086939	1	5	6.4e-05
72	5	0.15801	2	1	6.4e-05
73	5	0.1103	2	3	6.4e-05
74	5	0.018843	2	4	6.4e-05
75	5	0.041886	2	5	6.4e-05
76	5	-0.015761	3	2	6.4e-05
77	5	-0.015854	3	4	6.4e-05
78	5	0.04413	4	2	6.4e-05
79	5	0.033449	4	3	6.4e-05
80	5	0.11448	4	5	6.4e-05
81	5	-0.21622	4	7	6.4e-05
82	5	-0.076878	4	9	6.4e-05
83	5	0.025869	5	1	6.4e-05
84	5	0.0098194	5	2	6.4e-05
85	5	-0.10623	5	4	6.4e-05
86	5	-0.18168	5	6	6.4e-05
87	5	0.21195	6	5	6.4e-05
88	5	0.010052	6	11	6.4e-05
89	5	0.017292	6	12	6.4e-05
90	5	0.045333	6	13	6.4e-05
91	5	0.23419	7	4	6.4e-05
92	5	-0.12928	7	8	6.4e-05
93	5	0.017946	7	9	6.4e-05
94	5	0.13186	8	7	6.4e-05
95	5	0.08762	9	4	6.4e-05
96	5	-0.013531	9	7	6.4e-05
97	5	0.046094	9	10	6.4e-05
98	5	0.03617	9	14	6.4e-05
99	5	-0.045814	10	9	6.4e-05
100	5	0.0029667	10	11	6.4e-05
101	5	-0.0095931	11	6	6.4e-05
102	5	-0.0028505	11	10	6.4e-05
103	5	-0.016439	12	6	6.4e-05
104	5	0.0035617	12	13	6.4e-05
105	5	-0.043113	13	6	6.4e-05
106	5	-0.0035422	13	12	6.4e-05
107	5	0.0026443	13	14	6.4e-05
108	5	-0.034619	14	9	6.4e-05
109	5	-0.0021832	14	13	6.4e-05
1	1	1	1	0	1e-06
2	2	1.6731	1	0	1e-05
3	2	0.11861	2	0	1e-05
4	2	-0.65688	3	0	1e-05
5	2	-0.34807	4	0	1e-05
6	2	-0.063811	5	0	1e-05
7	2	-0.078975	6	0	1e-05
8	2	-1.4916e-07	7	0	1e-05
9	2	-2.4135e-09	8	0	1e-05
10	2	-0.22529	9	0	1e-05
11	2	-0.066559	10	0	1e-05
12	2	-0.02406	11	0	1e-05
13	2	-0.048436	12	0	1e-05
14	2	-0.10154	13	0	1e-05
15	2	-0.10912	14	0	1e-05
16	3	-0.063001	1	0	1e-05
17	3	0.15135	2	0	1e-05
18	3	-0.088573	3	0	1e-05
19	3	0.028401	4	0	1e-05
20	3	-0.013428	5	0	1e-05
21	3	-0.046745	6	0	1e-05
22	3	3.3628e-07	7	0	1e-05
23	3	0.13274	8	0	1e-05
24	3	0.089478	9	0	1e-05
25	3	-0.042893	10	0	1e-05
26	3	-0.012374	11	0	1e-05
27	3	-0.012705	12	0	1e-05
28	3	-0.043624	13	0	1e-05
29	3	-0.036619	14	0	1e-05
30	4	1.1264	1	2	6.4e-05
31	4	0.54676	1	5	6.4e-05
32	4	-1.1044	2	1	6.4e-05
33	4	0.51041	2	3	6.4e-05
34	4	0.40874	2	4	6.4e-05
35	4	0.30386	2	5	6.4e-05
36	4	-0.49888	3	2	6.4e-05
37	4	-0.158	3	4	6.4e-05
38	4	-0.39985	4	2	6.4e-05
39	4	0.15967	4	3	6.4e-05
40	4	-0.44426	4	5	6.4e-05
41	4	0.21365	4	7	6.4e-05
42	4	0.12271	4	9	6.4e-05
43	4	-0.53221	5	1	6.4e-05
44	4	-0.29902	5	2	6.4e-05
45	4	0.44693	5	4	6.4e-05
46	4	0.32049	5	6	6.4e-05
47	4	-0.32049	6	5	6.4e-05
48	4	0.05115	6	11	6.4e-05
49	4	0.058852	6	12	6.4e-05
50	4	0.13151	6	13	6.4e-05
51	4	-0.21365	7	4	6.4e-05
52	4	2.4135e-09	7	8	6.4e-05
53	4	0.21365	7	9	6.4e-05
54	4	-2.4135e-09	8	7	6.4e-05
55	4	-0.12271	9	4	6.4e-05
56	4	-0.21365	9	7	6.4e-05
57	4	0.039851	9	10	6.4e-05
58	4	0.071218	9	14	6.4e-05
59	4	-0.039748	10	9	6.4e-05
60	4	-0.026811	10	11	6.4e-05
61	4	-0.050924	11	6	6.4e-05
62	4	0.026864	11	10	6.4e-05
63	4	-0.058448	12	6	6.4e-05
64	4	0.010012	12	13	6.4e-05
65	4	-0.1304	13	6	6.4e-05
66	4	-0.0099899	13	12	6.4e-05
67	4	0.038847	13	14	6.4e-05
68	4	-0.070507	14	9	6.4e-05
69	4	-0.038615	14	13	6.4e-05
70	5	-0.035326	1	2	6.4e-05
71	5	0.086932	1	5	6.4e-05
72	5	0.16085	2	1	6.4e-05
73	5	0.11008	2	3	6.4e-05
74	5	0.018882	2	4	6.4e-05
75	5	0.041943	2	5	6.4e-05
76	5	-0.015247	3	2	6.4e-05
77	5	-0.015589	3	4	6.4e-05
78	5	0.044501	4	2	6.4e-05
79	5	0.033103	4	3	6.4e-05
80	5	0.11506	4	5	6.4e-05
81	5	-0.21619	4	7	6.4e-05
82	5	-0.076705	4	9	6.4e-05
83	5	0.026633	5	1	6.4e-05
84	5	0.0099395	5	2	6.4e-05
85	5	-0.10661	5	4	6.4e-05
86	5	-0.18207	5	6	6.4e-05
87	5	0.2124	6	5	6.4e-05
88	5	0.010194	6	11	6.4e-05
89	5	0.017083	6	12	6.4e-05
90	5	0.045034	6	13	6.4e-05
91	5	0.23419	7	4	6.4e-05
92	5	-0.13013	7	8	6.4e-05
93	5	0.018759	7	9	6.4e-05
94	5	0.13274	8	7	6.4e-05
95	5	0.087457	9	4	6.4e-05
96	5	-0.014327	9	7	6.4e-05
97	5	0.045944	9	10	6.4e-05
98	5	0.035872	9	14	6.4e-05
99	5	-0.045669	10	9	6.4e-05
100	5	0.0027756	10	11	6.4e-05
101	5	-0.0097219	11	6	6.4e-05
102	5	-0.0026518	11	10	6.4e-05
103	5	-0.016244	12	6	6.4e-05
104	5	0.003539	12	13	6.4e-05
105	5	-0.042836	13	6	6.4e-05
106	5	-0.0035189	13	12	6.4e-05
107	5	0.0027304	13	14	6.4e-05
108	5	-0.034361	14	9	6.4e-05
109	5	-0.0022575	14	13	6.4e-05
1	1	1	1	0	1e-06
2	2	1.6737	1	0	1e-05
3	2	0.11848	2	0	1e-05
4	2	-0.65501	3	0	1e-05
5	2	-0.34918	4	0	1e-05
6	2	-0.06404	5	0	1e-05
7	2	-0.078873	6	0	1e-05
8	2	-1.4693e-07	7	0	1e-05
9	2	-2.3917e-09	8	0	1e-05
10	2	-0.22494	9	0	1e-05
11	2	-0.067087	10	0	1e-05
12	2	-0.02451	11	0	1e-05
13	2	-0.048292	12	0	1e-05
14	2	-0.10208	13	0	1e-05
15	2	-0.10916	14	0	1e-05
16	3	-0.062962	1	0	1e-05
17	3	0.15169	2	0	1e-05
18	3	-0.089101	3	0	1e-05
19	3	0.028492	4	0	1e-05
20	3	-0.013476	5	0	1e-05
21	3	-0.046038	6	0	1e-05
22	3	3.3116e-07	7	0	1e-05
23	3	0.13291	8	0	1e-05
24	3	0.08966	9	0	1e-05
25	3	-0.043234	10	0	1e-05
26	3	-0.012605	11	0	1e-05
27	3	-0.012667	12	0	1e-05
28	3	-0.043858	13	0	1e-05
29	3	-0.036631	14	0	1e-05
30	4	1.1266	1	2	6.4e-05
31	4	0.54713	1	5	6.4e-05
32	4	-1.1046	2	1	6.4e-05
33	4	0.50966	2	3	6.4e-05
34	4	0.40914	2	4	6.4e-05
35	4	0.30427	2	5	6.4e-05
36	4	-0.49816	3	2	6.4e-05
37	4	-0.15684	3	4	6.4e-05
38	4	-0.40023	4	2	6.4e-05
39	4	0.15849	4	3	6.4e-05
40	4	-0.44424	4	5	6.4e-05
41	4	0.21392	4	7	6.4e-05
42	4	0.12287	4	9	6.4e-05
43	4	-0.53257	5	1	6.4e-05
44	4	-0.29942	5	2	6.4e-05
45	4	0.44691	5	4	6.4e-05
46	4	0.32103	5	6	6.4e-05
47	4	-0.32103	6	5	6.4e-05
48	4	0.051464	6	11	6.4e-05
49	4	0.05887	6	12	6.4e-05
50	4	0.13182	6	13	6.4e-05
51	4	-0.21392	7	4	6.4e-05
52	4	2.3917e-09	7	8	6.4e-05
53	4	0.21392	7	9	6.4e-05
54	4	-2.3917e-09	8	7	6.4e-05
55	4	-0.12287	9	4	6.4e-05
56	4	-0.21392	9	7	6.4e-05
57	4	0.040519	9	10	6.4e-05
58	4	0.071334	9	14	6.4e-05
59	4	-0.040414	10	9	6.4e-05
60	4	-0.026673	10	11	6.4e-05
61	4	-0.051235	11	6	6.4e-05
62	4	0.026725	11	10	6.4e-05
63	4	-0.058467	12	6	6.4e-05
64	4	0.010174	12	13	6.4e-05
65	4	-0.1307	13	6	6.4e-05
66	4	-0.010151	13	12	6.4e-05
67	4	0.03877	13	14	6.4e-05
68	4	-0.070622	14	9	6.4e-05
69	4	-0.038539	14	13	6.4e-05
70	5	-0.035379	1	2	6.4e-05
71	5	0.087024	1	5	6.4e-05
72	5	0.16093	2	1	6.4e-05
73	5	0.11018	2	3	6.4e-05
74	5	0.018974	2	4	6.4e-05
75	5	0.042009	2	5	6.4e-05
76	5	-0.015488	3	2	6.4e-05
77	5	-0.015875	3	4	6.4e-05
78	5	0.044461	4	2	6.4e-05
79	5	0.03333	4	3	6.4e-05
80	5	0.11497	4	5	6.4e-05
81	5	-0.21621	4	7	6.4e-05
82	5	-0.076686	4	9	6.4e-05
83	5	0.026624	5	1	6.4e-05
84	5	0.0099129	5	2	6.4e-05
85	5	-0.10652	5	4	6.4e-05
86	5	-0.18216	5	6	6.4e-05
87	5	0.21257	6	5	6.4e-05
88	5	0.010484	6	11	6.4e-05
89	5	0.017093	6	12	6.4e-05
90	5	0.045267	6	13	6.4e-05
91	5	0.23424	7	4	6.4e-05
92	5	-0.13029	7	8	6.4e-05
93	5	0.018867	7	9	6.4e-05
94	5	0.13291	8	7	6.4e-05
95	5	0.087457	9	4	6.4e-05
96	5	-0.014424	9	7	6.4e-05
97	5	0.046237	9	10	6.4e-05
98	5	0.035853	9	14	6.4e-05
99	5	-0.045957	10	9	6.4e-05
100	5	0.0027226	10	11	6.4e-05
101	5	-0.010005	11	6	6.4e-05
102	5	-0.0026001	11	10	6.4e-05
103	5	-0.016253	12	6	6.4e-05
104	5	0.0035863	12	13	6.4e-05
105	5	-0.043056	13	6	6.4e-05
106	5	-0.0035655	13	12	6.4e-05
107	5	0.0027641	13	14	6.4e-05
108	5	-0.034339	14	9	6.4e-05
109	5	-0.002293	14	13	6.4e-05
1	1	1	1	0	1e-06
2	2	1.6664	1	0	1e-05
3	2	0.11664	2	0	1e-05
4	2	-0.65216	3	0	1e-05
5	2	-0.34496	4	0	1e-05
6	2	-0.063838	5	0	1e-05
7	2	-0.079133	6	0	1e-05
8	2	-1.4773e-07	7	0	1e-05
9	2	-2.4641e-09	8	0	1e-05
10	2	-0.22407	9	0	1e-05
11	2	-0.067023	10	0	1e-05
12	2	-0.024437	11	0	1e-05
13	2	-0.047923	12	0	1e-05
14	2	-0.10182	13	0	1e-05
15	2	-0.1093	14	0	1e-05
16	3	-0.061711	1	0	1e-05
17	3	0.15035	2	0	1e-05
18	3	-0.090602	3	0	1e-05
19	3	0.028147	4	0	1e-05
20	3	-0.013433	5	0	1e-05
21	3	-0.046842	6	0	1e-05
22	3	3.4121e-07	7	0	1e-05
23	3	0.13246	8	0	1e-05
24	3	0.090191	9	0	1e-05
25	3	-0.043193	10	0	1e-05
26	3	-0.012567	11	0	1e-05
27	3	-0.01257	12	0	1e-05
28	3	-0.043746	13	0	1e-05
29	3	-0.036677	14	0	1e-05
30	4	1.1218	1	2	6.4e-05
31	4	0.54458	1	5	6.4e-05
32	4	-1.1	2	1	6.4e-05
33	4	0.5071	2	3	6.4e-05
34	4	0.40685	2	4	6.4e-05
35	4	0.30271	2	5	6.4e-05
36	4	-0.49571	3	2	6.4e-05
37	4	-0.15644	3	4	6.4e-05
38	4	-0.39804	4	2	6.4e-05
39	4	0.15809	4	3	6.4e-05
40	4	-0.44126	4	5	6.4e-05
41	4	0.21359	4	7	6.4e-05
42	4	0.12268	4	9	6.4e-05
43	4	-0.53015	5	1	6.4e-05
44	4	-0.29791	5	2	6.4e-05
45	4	0.44391	5	4	6.4e-05
46	4	0.32031	5	6	6.4e-05
47	4	-0.32031	6	5	6.4e-05
48	4	0.051168	6	11	6.4e-05
49	4	0.058582	6	12	6.4e-05
50	4	0.13143	6	13	6.4e-05
51	4	-0.21359	7	4	6.4e-05
52	4	2.4641e-09	7	8	6.4e-05
53	4	0.21358	7	9	6.4e-05
54	4	-2.4641e-09	8	7	6.4e-05
55	4	-0.12268	9	4	6.4e-05
56	4	-0.21358	9	7	6.4e-05
57	4	0.040676	9	10	6.4e-05
58	4	0.071516	9	14	6.4e-05
59	4	-0.040569	10	9	6.4e-05
60	4	-0.026454	10	11	6.4e-05
61	4	-0.050942	11	6	6.4e-05
62	4	0.026505	11	10	6.4e-05
63	4	-0.058183	12	6	6.4e-05
64	4	0.01026	12	13	6.4e-05
65	4	-0.13031	13	6	6.4e-05
66	4	-0.010237	13	12	6.4e-05
67	4	0.038727	13	14	6.4e-05
68	4	-0.070801	14	9	6.4e-05
69	4	-0.038496	14	13	6.4e-05
70	5	-0.034136	1	2	6.4e-05
71	5	0.087032	1	5	6.4e-05
72	5	0.15911	2	1	6.4e-05
73	5	0.11055	2	3	6.4e-05
74	5	0.019065	2	4	6.4e-05
75	5	0.042029	2	5	6.4e-05
76	5	-0.016314	3	2	6.4e-05
77	5	-0.016551	3	4	6.4e-05
78	5	0.044073	4	2	6.4e-05
79	5	0.033991	4	3	6.4e-05
80	5	0.11435	4	5	6.4e-05
81	5	-0.21618	4	7	6.4e-05
82	5	-0.076746	4	9	6.4e-05
83	5	0.026066	5	1	6.4e-05
84	5	0.0097442	5	2	6.4e-05
85	5	-0.10602	5	4	6.4e-05
86	5	-0.18192	5	6	6.4e-05
87	5	0.21221	6	5	6.4e-05
88	5	0.010317	6	11	6.4e-05
89	5	0.01698	6	12	6.4e-05
90	5	0.045108	6	13	6.4e-05
91	5	0.23417	7	4	6.4e-05
92	5	-0.12986	7	8	6.4e-05
93	5	0.018522	7	9	6.4e-05
94	5	0.13246	8	7	6.4e-05
95	5	0.087496	9	4	6.4e-05
96	5	-0.014094	9	7	6.4e-05
97	5	0.046319	9	10	6.4e-05
98	5	0.035946	9	14	6.4e-05
99	5	-0.046037	10	9	6.4e-05
100	5	0.0028446	10	11	6.4e-05
101	5	-0.0098433	11	6	6.4e-05
102	5	-0.0027241	11	10	6.4e-05
103	5	-0.016149	12	6	6.4e-05
104	5	0.0035787	12	13	6.4e-05
105	5	-0.042911	13	6	6.4e-05
106	5	-0.0035577	13	12	6.4e-05
107	5	0.0027227	13	14	6.4e-05
108	5	-0.034424	14	9	6.4e-05
109	5	-0.0022527	14	13	6.4e-05
1	1	1	1	0	1e-06
2	2	1.6663	1	0	1e-05
3	2	0.11736	2	0	1e-05
4	2	-0.65452	3	0	1e-05
5	2	-0.34252	4	0	1e-05
6	2	-0.064108	5	0	1e-05
7	2	-0.079054	6	0	1e-05
8	2	-1.4914e-07	7	0	1e-05
9	2	-2.475e-09	8	0	1e-05
10	2	-0.22419	9	0	1e-05
11	2	-0.067399	10	0	1e-05
12	2	-0.023851	11	0	1e-05
13	2	-0.049445	12	0	1e-05
14	2	-0.10179	13	0	1e-05
15	2	-0.10834	14	0	1e-05
16	3	-0.061732	1	0	1e-05
17	3	0.15009	2	0	1e-05
18	3	-0.08984	3	0	1e-05
19	3	0.027948	4	0	1e-05
20	3	-0.01349	5	0	1e-05
21	3	-0.046685	6	0	1e-05
22	3	3.4264e-07	7	0	1e-05
23	3	0.13233	8	0	1e-05
24	3	0.090135	9	0	1e-05
25	3	-0.043435	10	0	1e-05
26	3	-0.012266	11	0	1e-05
27	3	-0.012969	12	0	1e-05
28	3	-0.04373	13	0	1e-05
29	3	-0.036357	14	0	1e-05
30	4	1.1218	1	2	6.4e-05
31	4	0.5445	1	5	6.4e-05
32	4	-1.1	2	1	6.4e-05
33	4	0.50816	2	3	6.4e-05
34	4	0.40657	2	4	6.4e-05
35	4	0.30262	2	5	6.4e-05
36	4	-0.49672	3	2	6.4e-05
37	4	-0.15779	3	4	6.4e-05
38	4	-0.39778	4	2	6.4e-05
39	4	0.15946	4	3	6.4e-05
40	4	-0.44051	4	5	6.4e-05
41	4	0.21361	4	7	6.4e-05
42	4	0.12269	4	9	6.4e-05
43	4	-0.53007	5	1	6.4e-05
44	4	-0.29781	5	2	6.4e-05
45	4	0.44314	5	4	6.4e-05
46	4	0.32063	5	6	6.4e-05
47	4	-0.32063	6	5	6.4e-05
48	4	0.050678	6	11	6.4e-05
49	4	0.059355	6	12	6.4e-05
50	4	0.13155	6	13	6.4e-05
51	4	-0.21361	7	4	6.4e-05
52	4	2.475e-09	7	8	6.4e-05
53	4	0.21361	7	9	6.4e-05
54	4	-2.475e-09	8	7	6.4e-05
55	4	-0.12269	9	4	6.4e-05
56	4	-0.21361	9	7	6.4e-05
57	4	0.040953	9	10	6.4e-05
58	4	0.071153	9	14	6.4e-05
59	4	-0.040846	10	9	6.4e-05
60	4	-0.026553	10	11	6.4e-05
61	4	-0.050456	11	6	6.4e-05
62	4	0.026605	11	10	6.4e-05
63	4	-0.058945	12	6	6.4e-05
64	4	0.0094997	12	13	6.4e-05
65	4	-0.13043	13	6	6.4e-05
66	4	-0.0094795	13	12	6.4e-05
67	4	0.038121	13	14	6.4e-05
68	4	-0.070446	14	9	6.4e-05
69	4	-0.037897	14	13	6.4e-05
70	5	-0.034126	1	2	6.4e-05
71	5	0.087002	1	5	6.4e-05
72	5	0.1591	2	1	6.4e-05
73	5	0.1104	2	3	6.4e-05
74	5	0.018995	2	4	6.4e-05
75	5	0.042003	2	5	6.4e-05
76	5	-0.015973	3	2	6.4e-05
77	5	-0.016129	3	4	6.4e-05
78	5	0.044106	4	2	6.4e-05
79	5	0.033637	4	3	6.4e-05
80	5	0.11448	4	5	6.4e-05
81	5	-0.21617	4	7	6.4e-05
82	5	-0.076764	4	9	6.4e-05
83	5	0.026078	5	1	6.4e-05
84	5	0.0097608	5	2	6.4e-05
85	5	-0.10617	5	4	6.4e-05
86	5	-0.18186	5	6	6.4e-05
87	5	0.21219	6	5	6.4e-05
88	5	0.010203	6	11	6.4e-05
89	5	0.01733	6	12	6.4e-05
90	5	0.045047	6	13	6.4e-05
91	5	0.23416	7	4	6.4e-05
92	5	-0.12973	7	8	6.4e-05
93	5	0.01841	7	9	6.4e-05
94	5	0.13233	8	7	6.4e-05
95	5	0.087516	9	4	6.4e-05
96	5	-0.013982	9	7	6.4e-05
97	5	0.046368	9	10	6.4e-05
98	5	0.035712	9	14	6.4e-05
99	5	-0.046084	10	9	6.4e-05
100	5	0.0026491	10	11	6.4e-05
101	5	-0.0097383	11	6	6.4e-05
102	5	-0.0025279	11	10	6.4e-05
103	5	-0.016476	12	6	6.4e-05
104	5	0.0035069	12	13	6.4e-05
105	5	-0.042847	13	6	6.4e-05
106	5	-0.0034887	13	12	6.4e-05
107	5	0.0026054	13	14	6.4e-05
108	5	-0.034207	14	9	6.4e-05
109	5	-0.0021501	14	13	6.4e-05
1	1	1	1	0	1e-06
2	2	1.6628	1	0	1e-05
3	2	0.1175	2	0	1e-05
4	2	-0.64857	3	0	1e-05
5	2	-0.34747	4	0	1e-05
6	2	-0.062285	5	0	1e-05
7	2	-0.080898	6	0	1e-05
8	2	-1.569e-07	7	0	1e-05
9	2	-2.5105e-09	8	0	1e-05
10	2	-0.22302	9	0	1e-05
11	2	-0.067103	10	0	1e-05
12	2	-0.024384	11	0	1e-05
13	2	-0.047977	12	0	1e-05
14	2	-0.10192	13	0	1e-05
15	2	-0.10859	14	0	1e-05
16	3	-0.060987	1	0	1e-05
17	3	0.14932	2	0	1e-05
18	3	-0.092045	3	0	1e-05
19	3	0.028352	4	0	1e-05
20	3	-0.013106	5	0	1e-05
21	3	-0.046995	6	0	1e-05
22	3	3.4944e-07	7	0	1e-05
23	3	0.13209	8	0	1e-05
24	3	0.090832	9	0	1e-05
25	3	-0.043244	10	0	1e-05
26	3	-0.01254	11	0	1e-05
27	3	-0.012584	12	0	1e-05
28	3	-0.043787	13	0	1e-05
29	3	-0.036441	14	0	1e-05
30	4	1.119	1	2	6.4e-05
31	4	0.54381	1	5	6.4e-05
32	4	-1.0973	2	1	6.4e-05
33	4	0.50527	2	3	6.4e-05
34	4	0.40686	2	4	6.4e-05
35	4	0.30269	2	5	6.4e-05
36	4	-0.49396	3	2	6.4e-05
37	4	-0.15461	3	4	6.4e-05
38	4	-0.39805	4	2	6.4e-05
39	4	0.15622	4	3	6.4e-05
40	4	-0.4414	4	5	6.4e-05
41	4	0.21326	4	7	6.4e-05
42	4	0.1225	4	9	6.4e-05
43	4	-0.52942	5	1	6.4e-05
44	4	-0.29788	5	2	6.4e-05
45	4	0.44404	5	4	6.4e-05
46	4	0.32098	5	6	6.4e-05
47	4	-0.32098	6	5	6.4e-05
48	4	0.050578	6	11	6.4e-05
49	4	0.058498	6	12	6.4e-05
50	4	0.131	6	13	6.4e-05
51	4	-0.21326	7	4	6.4e-05
52	4	2.5105e-09	7	8	6.4e-05
53	4	0.21326	7	9	6.4e-05
54	4	-2.5105e-09	8	7	6.4e-05
55	4	-0.1225	9	4	6.4e-05
56	4	-0.21326	9	7	6.4e-05
57	4	0.041287	9	10	6.4e-05
58	4	0.071453	9	14	6.4e-05
59	4	-0.04118	10	9	6.4e-05
60	4	-0.025923	10	11	6.4e-05
61	4	-0.050357	11	6	6.4e-05
62	4	0.025973	11	10	6.4e-05
63	4	-0.0581	12	6	6.4e-05
64	4	0.010123	12	13	6.4e-05
65	4	-0.12989	13	6	6.4e-05
66	4	-0.0101	13	12	6.4e-05
67	4	0.038077	13	14	6.4e-05
68	4	-0.07074	14	9	6.4e-05
69	4	-0.037854	14	13	6.4e-05
70	5	-0.033401	1	2	6.4e-05
71	5	0.087022	1	5	6.4e-05
72	5	0.15804	2	1	6.4e-05
73	5	0.11081	2	3	6.4e-05
74	5	0.018982	2	4	6.4e-05
75	5	0.041895	2	5	6.4e-05
76	5	-0.016901	3	2	6.4e-05
77	5	-0.017407	3	4	6.4e-05
78	5	0.044157	4	2	6.4e-05
79	5	0.034758	4	3	6.4e-05
80	5	0.11416	4	5	6.4e-05
81	5	-0.21642	4	7	6.4e-05
82	5	-0.076958	4	9	6.4e-05
83	5	0.025911	5	1	6.4e-05
84	5	0.0098756	5	2	6.4e-05
85	5	-0.10582	5	4	6.4e-05
86	5	-0.18178	5	6	6.4e-05
87	5	0.21215	6	5	6.4e-05
88	5	0.010284	6	11	6.4e-05
89	5	0.016994	6	12	6.4e-05
90	5	0.045037	6	13	6.4e-05
91	5	0.23441	7	4	6.4e-05
92	5	-0.1295	7	8	6.4e-05
93	5	0.017942	7	9	6.4e-05
94	5	0.13209	8	7	6.4e-05
95	5	0.087701	9	4	6.4e-05
96	5	-0.01353	9	7	6.4e-05
97	5	0.046366	9	10	6.4e-05
98	5	0.035785	9	14	6.4e-05
99	5	-0.04608	10	9	6.4e-05
100	5	0.0028355	10	11	6.4e-05
101	5	-0.0098208	11	6	6.4e-05
102	5	-0.0027197	11	10	6.4e-05
103	5	-0.016164	12	6	6.4e-05
104	5	0.0035803	12	13	6.4e-05
105	5	-0.042854	13	6	6.4e-05
106	5	-0.0035598	13	12	6.4e-05
107	5	0.0026268	13	14	6.4e-05
108	5	-0.034269	14	9	6.4e-05
109	5	-0.0021726	14	13	6.4e-05
